59766.834005	8464974515.048	   0.277	8049
59766.834120	8464974508.448	   0.168	8049
59766.834236	8464974504.248	   0.354	8049
59766.834352	8464974499.447	   0.288	8049
59766.834468	8464974495.547	   0.287	8049
59766.834583	8464974489.047	   0.322	8049
59766.834699	8464974483.747	   0.237	8049
59766.834815	8464974480.547	   0.118	8049
59766.834931	8464974474.747	   0.673	8049
59766.835046	8464974470.447	   0.262	8049
59766.835162	8464974464.547	   0.505	8049
59766.835278	8464974459.547	   0.557	8049
59766.835394	8464974454.847	   0.505	8049
59766.835509	8464974449.547	   0.172	8049
59766.835625	8464974444.147	   0.925	8049
59766.835741	8464974438.947	   0.526	8049
59766.835856	8464974434.647	   0.515	8049
59766.835972	8464974427.247	   0.299	8049
59766.836088	8464974423.547	   0.473	8049
59766.836204	8464974419.847	   0.456	8049
59766.836319	8464974413.347	   0.393	8049
59766.836435	8464974408.747	   0.487	8049
59766.836551	8464974402.347	   0.540	8049
59766.836667	8464974398.547	   0.344	8049
59766.836782	8464974394.447	   0.426	8049
59766.836898	8464974389.547	   0.416	8049
59766.837014	8464974383.547	   0.332	8049
59766.837130	8464974378.247	   0.397	8049
59766.837245	8464974374.047	   0.401	8049
59766.837361	8464974369.747	   0.453	8049
59766.837477	8464974364.147	   0.322	8049
59766.837593	8464974357.947	   0.358	8049
59766.837708	8464974354.647	   0.556	8049
59766.837824	8464974348.147	   0.820	8049
59766.837940	8464974343.147	   0.402	8049
59766.838056	8464974338.647	   0.632	8049
59766.838171	8464974334.247	   0.402	8049
59766.838287	8464974329.447	   0.501	8049
59766.838403	8464974322.947	   0.696	8049
59766.838519	8464974319.247	   0.511	8049
59766.838634	8464974313.847	   0.801	8049
59766.838750	8464974309.047	   0.435	8049
59766.838866	8464974303.947	   0.466	8049
59766.838981	8464974299.446	   0.303	8049
59766.839097	8464974294.246	   0.324	8049
59766.839213	8464974289.246	   0.318	8049
59766.839329	8464974284.846	   0.717	8049
59766.839444	8464974279.346	   0.665	8049
59766.839560	8464974273.646	   0.581	8049
59766.839676	8464974269.246	   0.499	8049
59766.839792	8464974263.146	   0.343	8049
59766.839907	8464974258.446	   0.651	8049
59766.840023	8464974253.746	   0.554	8049
59766.840139	8464974247.746	   0.400	8049
59766.840255	8464974244.046	   0.816	8049
59766.840370	8464974240.046	   0.678	8049
59766.840486	8464974233.146	   0.501	8049
59766.840602	8464974229.446	   0.546	8049
59766.840718	8464974223.646	   0.367	8049
59766.840833	8464974219.546	   0.552	8049
59766.840949	8464974213.746	   0.467	8049
59766.841065	8464974209.646	   0.631	8049
59766.841181	8464974204.046	   0.616	8049
59766.841296	8464974198.546	   0.643	8049
59766.841412	8464974193.146	   0.371	8049
59766.841528	8464974189.546	   0.451	8049
59766.841644	8464974183.946	   0.661	8049
59766.841759	8464974178.946	   0.258	8049
59766.841875	8464974173.346	   0.625	8049
59766.841991	8464974167.946	   0.334	8049
59766.842106	8464974162.346	   0.812	8049
59766.842222	8464974158.446	   0.626	8049
59766.842338	8464974153.846	   0.549	8049
59766.842454	8464974148.546	   0.610	8049
59766.842569	8464974143.046	   0.674	8049
59766.842685	8464974137.946	   0.839	8049
59766.842801	8464974133.246	   0.385	8049
59766.842917	8464974127.746	   0.274	8049
59766.843032	8464974122.746	   0.355	8049
59766.843148	8464974118.546	   0.469	8049
59766.843264	8464974112.346	   0.330	8049
59766.843380	8464974108.446	   0.481	8049
59766.843495	8464974101.946	   0.375	8049
59766.843611	8464974096.445	   0.280	8049
59766.843727	8464974092.445	   0.620	8049
59766.843843	8464974088.045	   0.439	8049
59766.843958	8464974082.145	   0.352	8049
59766.844074	8464974077.045	   0.375	8049
59766.844190	8464974072.145	   0.449	8049
59766.844306	8464974065.845	   0.939	8049
59766.844421	8464974062.745	   0.510	8049
59766.844537	8464974057.345	   0.813	8049
59766.844653	8464974051.545	   0.327	8049
59766.844769	8464974045.945	   0.566	8049
59766.844884	8464974041.545	   0.361	8049
59766.845000	8464974036.145	   0.397	8049
59766.845116	8464974032.345	   0.376	8049
59766.845231	8464974024.445	   0.420	8049
59766.845347	8464974020.645	   0.546	8049
59766.845463	8464974016.345	   0.388	8049
59766.845579	8464974011.445	   0.540	8049
59766.845694	8464974004.745	   0.743	8049
59766.845810	8464974000.545	   0.750	8049
59766.845926	8464973995.745	   0.515	8049
59766.846042	8464973991.445	   0.374	8049
59766.846157	8464973985.345	   0.503	8049
59766.846273	8464973979.545	   0.666	8049
59766.846389	8464973974.845	   0.302	8049
59766.846505	8464973968.845	   0.302	8049
59766.846620	8464973966.145	   0.361	8049
59766.846736	8464973959.045	   0.841	8049
59766.846852	8464973955.045	   0.576	8049
59766.846968	8464973948.545	   0.555	8049
59766.847083	8464973944.945	   0.354	8049
59766.847199	8464973937.745	   0.238	8049
59766.847315	8464973933.945	   0.425	8049
59766.847431	8464973928.845	   0.622	8049
59766.847546	8464973924.745	   0.407	8049
59766.847662	8464973918.845	   0.422	8049
59766.847778	8464973913.745	   0.776	8049
59766.847894	8464973909.645	   0.628	8049
59766.848009	8464973902.245	   0.429	8049
59766.848125	8464973897.244	   0.655	8049
59766.848241	8464973891.844	   0.290	8049
59766.848356	8464973886.444	   0.622	8049
59766.848472	8464973882.744	   0.440	8049
59766.848588	8464973876.644	   0.537	8049
59766.848704	8464973872.244	   0.321	8049
59766.848819	8464973866.044	   0.779	8049
59766.848935	8464973862.544	   0.322	8049
59766.849051	8464973856.544	   0.712	8049
59766.849167	8464973851.644	   0.436	8049
59766.849282	8464973844.844	   0.346	8049
59766.849398	8464973839.844	   0.654	8049
59766.849514	8464973836.444	   0.651	8049
59766.849630	8464973830.644	   0.747	8049
59766.849745	8464973825.044	   0.468	8049
59766.849861	8464973820.044	   0.441	8049
59766.849977	8464973814.144	   1.046	8049
59766.850093	8464973808.444	   0.440	8049
59766.850208	8464973803.744	   0.504	8049
59766.850324	8464973800.044	   0.958	8049
59766.850440	8464973794.444	   0.671	8049
59766.850556	8464973789.044	   0.318	8049
59766.850671	8464973783.944	   0.792	8049
59766.850787	8464973778.744	   0.437	8049
59766.850903	8464973773.944	   0.461	8049
59766.851019	8464973767.444	   0.442	8049
59766.851134	8464973763.644	   0.493	8049
59766.851250	8464973757.044	   0.369	8049
59766.851366	8464973753.244	   0.587	8049
59766.851481	8464973747.544	   0.278	8049
59766.851597	8464973741.844	   0.843	8049
59766.851713	8464973737.544	   0.604	8049
59766.851829	8464973731.044	   0.524	8049
59766.851944	8464973725.644	   0.578	8049
59766.852060	8464973720.144	   0.385	8049
59766.852176	8464973715.344	   0.634	8049
59766.852292	8464973710.044	   0.483	8049
59766.852407	8464973705.444	   0.489	8049
59766.852523	8464973699.844	   0.883	8049
59766.852639	8464973694.143	   0.610	8049
59766.852755	8464973689.043	   0.432	8049
59766.852870	8464973683.443	   0.339	8049
59766.852986	8464973677.743	   0.347	8049
59766.853102	8464973673.343	   0.683	8049
59766.853218	8464973667.943	   0.575	8049
59766.853333	8464973664.443	   0.342	8049
59766.853449	8464973657.643	   0.676	8049
59766.853565	8464973652.543	   0.612	8049
59766.853681	8464973647.543	   0.375	8049
59766.853796	8464973642.543	   0.398	8049
59766.853912	8464973636.243	   0.813	8049
59766.854028	8464973632.943	   0.481	8049
59766.854144	8464973626.943	   0.611	8049
59766.854259	8464973621.243	   0.479	8049
59766.854375	8464973616.543	   0.603	8049
59766.854491	8464973611.143	   0.402	8049
59766.854606	8464973606.043	   0.620	8049
59766.854722	8464973601.743	   0.560	8049
59766.854838	8464973595.143	   0.392	8049
59766.854954	8464973591.443	   0.600	8049
59766.855069	8464973585.443	   0.545	8049
59766.855185	8464973580.943	   0.463	8049
59766.855301	8464973576.743	   0.791	8049
59766.855417	8464973570.043	   0.481	8049
59766.855532	8464973565.543	   0.415	8049
59766.855648	8464973559.343	   0.606	8049
59766.855764	8464973555.643	   0.810	8049
59766.855880	8464973549.443	   0.317	8049
59766.855995	8464973545.243	   0.426	8049
59766.856111	8464973539.543	   0.589	8049
59766.856227	8464973533.243	   0.552	8049
59766.856343	8464973529.143	   0.619	8049
59766.856458	8464973523.443	   0.512	8049
59766.856574	8464973518.243	   0.994	8049
59766.856690	8464973512.743	   0.490	8049
59766.856806	8464973508.143	   0.612	8049
59766.856921	8464973502.543	   0.720	8049
59766.857037	8464973497.842	   0.551	8049
59766.857153	8464973491.442	   0.307	8049
59766.857269	8464973486.842	   0.423	8049
59766.857384	8464973483.742	   0.325	8049
59766.857500	8464973475.542	   0.236	8049
59766.857616	8464973471.542	   0.865	8049
59766.857731	8464973467.642	   0.713	8049
59766.857847	8464973460.742	   0.388	8049
59766.857963	8464973456.842	   0.420	8049
59766.858079	8464973450.642	   0.353	8049
59766.858194	8464973444.542	   0.278	8049
59766.858310	8464973441.742	   0.410	8049
59766.858426	8464973434.942	   0.212	8049
59766.858542	8464973431.142	   0.504	8049
59766.858657	8464973425.142	   0.358	8049
59766.858773	8464973419.942	   0.354	8049
59766.858889	8464973414.442	   0.383	8049
59766.859005	8464973409.642	   0.566	8049
59766.859120	8464973403.042	   0.450	8049
59766.859236	8464973397.942	   0.427	8049
59766.859352	8464973393.142	   0.657	8049
59766.859468	8464973388.642	   0.373	8049
59766.859583	8464973383.142	   0.738	8049
59766.859699	8464973378.442	   0.430	8049
59766.859815	8464973372.342	   0.334	8049
59766.859931	8464973368.942	   0.359	8049
59766.860046	8464973360.742	   0.537	8049
59766.860162	8464973356.142	   0.463	8049
59766.860278	8464973352.242	   0.290	8049
59766.860394	8464973346.042	   0.420	8049
59766.860509	8464973341.642	   0.438	8049
59766.860625	8464973337.042	   0.487	8049
59766.860741	8464973329.642	   0.368	8049
59766.860856	8464973324.742	   0.353	8049
59766.860972	8464973320.242	   0.530	8049
59766.861088	8464973316.342	   0.306	8049
59766.861204	8464973310.442	   0.281	8049
59766.861319	8464973304.142	   0.496	8049
59766.861435	8464973298.441	   0.571	8049
59766.861551	8464973294.241	   0.414	8049
59766.861667	8464973288.741	   0.730	8049
59766.861782	8464973282.941	   0.627	8049
59766.861898	8464973279.041	   0.319	8049
59766.862014	8464973273.241	   0.537	8049
59766.862130	8464973268.141	   0.503	8049
59766.862245	8464973262.741	   0.704	8049
59766.862361	8464973258.141	   0.542	8049
59766.862477	8464973250.741	   0.518	8049
59766.862593	8464973248.641	   0.294	8049
59766.862708	8464973241.141	   0.422	8049
59766.862824	8464973236.241	   0.394	8049
59766.862940	8464973230.841	   0.799	8049
59766.863056	8464973225.441	   0.364	8049
59766.863171	8464973220.041	   0.702	8049
59766.863287	8464973215.041	   0.418	8049
59766.863403	8464973209.241	   0.349	8049
59766.863519	8464973204.741	   0.644	8049
59766.863634	8464973200.241	   0.540	8049
59766.863750	8464973193.341	   0.809	8049
59766.863866	8464973188.341	   0.309	8049
59766.863981	8464973183.141	   0.386	8049
59766.864097	8464973178.441	   0.697	8049
59766.864213	8464973173.241	   0.312	8049
59766.864329	8464973168.241	   0.906	8049
59766.864444	8464973163.341	   0.614	8049
59766.864560	8464973156.441	   0.308	8049
59766.864676	8464973150.741	   0.328	8049
59766.864792	8464973145.741	   0.342	8049
59766.864907	8464973141.141	   0.384	8049
59766.865023	8464973137.341	   0.384	8049
59766.865139	8464973131.541	   0.526	8049
59766.865255	8464973125.441	   1.127	8049
59766.865370	8464973120.141	   0.880	8049
59766.865486	8464973114.941	   0.399	8049
59766.865602	8464973109.641	   0.290	8049
59766.865718	8464973103.741	   0.622	8049
59766.865833	8464973100.041	   0.362	8049
59766.865949	8464973093.940	   0.650	8049
59766.866065	8464973090.840	   0.417	8049
59766.866181	8464973082.840	   0.294	8049
59766.866296	8464973078.840	   0.360	8049
59766.866412	8464973072.840	   0.540	8049
59766.866528	8464973068.240	   1.055	8049
59766.866644	8464973062.140	   0.300	8049
59766.866759	8464973056.840	   0.574	8049
59766.866875	8464973052.540	   0.404	8049
59766.866991	8464973045.540	   0.517	8049
59766.867106	8464973040.340	   0.466	8049
59766.867222	8464973036.440	   0.520	8049
59766.867338	8464973031.340	   0.395	8049
59766.867454	8464973025.640	   0.378	8049
59766.867569	8464973018.640	   0.541	8049
59766.867685	8464973014.940	   0.789	8049
59766.867801	8464973008.540	   0.211	8049
59766.867917	8464973003.540	   0.310	8049
59766.868032	8464972999.740	   0.555	8049
59766.868148	8464972993.240	   0.398	8049
59766.868264	8464972988.340	   0.278	8049
59766.868380	8464972983.640	   0.411	8049
59766.868495	8464972977.240	   0.381	8049
59766.868611	8464972972.140	   0.329	8049
59766.868727	8464972967.440	   0.419	8049
59766.868843	8464972961.140	   0.546	8049
59766.868958	8464972957.040	   0.801	8049
59766.869074	8464972951.340	   0.674	8049
59766.869190	8464972946.840	   0.583	8049
59766.869306	8464972940.140	   0.488	8049
59766.869421	8464972936.240	   0.406	8049
59766.869537	8464972929.940	   0.453	8049
59766.869653	8464972925.040	   0.402	8049
59766.869769	8464972919.140	   0.439	8049
59766.869884	8464972915.440	   0.590	8049
59766.870000	8464972909.540	   0.610	8049
59766.870116	8464972903.940	   0.462	8049
59766.870231	8464972898.539	   0.322	8049
59766.870347	8464972893.439	   0.883	8049
59766.870463	8464972887.339	   0.571	8049
59766.870579	8464972881.639	   0.433	8049
59766.870694	8464972876.739	   0.867	8049
59766.870810	8464972872.539	   0.626	8049
59766.870926	8464972866.039	   0.395	8049
59766.871042	8464972860.839	   0.394	8049
59766.871157	8464972856.039	   0.456	8049
59766.871273	8464972849.739	   0.570	8049
59766.871389	8464972846.339	   0.349	8049
59766.871505	8464972839.439	   0.273	8049
59766.871620	8464972836.339	   0.356	8049
59766.871736	8464972830.439	   0.395	8049
59766.871852	8464972823.339	   0.291	8049
59766.871968	8464972817.839	   0.326	8049
59766.872083	8464972812.539	   0.553	8049
59766.872199	8464972807.239	   0.445	8049
59766.872315	8464972804.139	   0.359	8049
59766.872431	8464972796.939	   0.382	8049
59766.872546	8464972791.439	   0.578	8049
59766.872662	8464972787.239	   0.389	8049
59766.872778	8464972782.739	   0.587	8049
59766.872894	8464972776.839	   0.514	8049
59766.873009	8464972770.839	   0.549	8049
59766.873125	8464972765.439	   0.420	8049
59766.873241	8464972761.539	   0.521	8049
59766.873356	8464972754.839	   0.368	8049
59766.873472	8464972749.739	   0.701	8049
59766.873588	8464972745.439	   0.329	8049
59766.873704	8464972740.939	   0.296	8049
59766.873819	8464972734.939	   0.433	8049
59766.873935	8464972729.339	   0.477	8049
59766.874051	8464972722.639	   0.402	8049
59766.874167	8464972717.339	   0.352	8049
59766.874282	8464972713.339	   0.540	8049
59766.874398	8464972707.939	   0.387	8049
59766.874514	8464972702.339	   0.431	8049
59766.874630	8464972697.538	   0.441	8049
59766.874745	8464972692.938	   0.289	8049
59766.874861	8464972686.538	   0.479	8049
59766.874977	8464972680.638	   0.874	8049
59766.875093	8464972676.838	   0.479	8049
59766.875208	8464972670.738	   0.250	8049
59766.875324	8464972664.138	   0.681	8049
59766.875440	8464972659.338	   0.292	8049
59766.875556	8464972654.338	   0.475	8049
59766.875671	8464972648.938	   0.276	8049
59766.875787	8464972645.138	   0.381	8049
59766.875903	8464972638.438	   0.347	8049
59766.876019	8464972632.738	   0.523	8049
59766.876134	8464972627.538	   0.526	8049
59766.876250	8464972622.338	   0.634	8049
59766.876366	8464972617.938	   0.475	8049
59766.876481	8464972611.038	   0.292	8049
59766.876597	8464972606.938	   0.304	8049
59766.876713	8464972601.238	   1.145	8049
59766.876829	8464972594.838	   0.523	8049
59766.876944	8464972589.938	   0.477	8049
59766.877060	8464972584.938	   0.424	8049
59766.877176	8464972578.738	   0.334	8049
59766.877292	8464972573.738	   0.396	8049
59766.877407	8464972569.838	   0.594	8049
59766.877523	8464972563.638	   0.484	8049
59766.877639	8464972558.138	   0.436	8049
59766.877755	8464972553.438	   0.874	8049
59766.877870	8464972548.338	   1.378	8049
59766.877986	8464972542.738	   0.610	8049
59766.878102	8464972537.938	   0.411	8049
59766.878218	8464972530.738	   0.434	8049
59766.878333	8464972526.438	   0.372	8049
59766.878449	8464972522.038	   0.445	8049
59766.878565	8464972516.638	   0.621	8049
59766.878681	8464972510.738	   0.392	8049
59766.878796	8464972505.438	   0.296	8049
59766.878912	8464972499.637	   0.583	8049
59766.879028	8464972495.637	   0.589	8049
59766.879144	8464972491.337	   0.337	8049
59766.879259	8464972484.037	   0.623	8049
59766.879375	8464972479.137	   0.413	8049
59766.879491	8464972473.737	   0.581	8049
59766.879606	8464972467.837	   0.364	8049
59766.879722	8464972463.137	   0.630	8049
59766.879838	8464972457.237	   0.385	8049
59766.879954	8464972452.637	   0.302	8049
59766.880069	8464972447.237	   0.296	8049
59766.880185	8464972442.937	   0.429	8049
59766.880301	8464972435.437	   0.306	8049
59766.880417	8464972430.837	   0.431	8049
59766.880532	8464972425.037	   0.368	8049
59766.880648	8464972420.937	   0.411	8049
59766.880764	8464972415.737	   0.391	8049
59766.880880	8464972410.137	   0.248	8049
59766.880995	8464972404.037	   0.464	8049
59766.881111	8464972398.637	   0.438	8049
59766.881227	8464972393.137	   0.406	8049
59766.881343	8464972388.937	   0.234	8049
59766.881458	8464972383.137	   0.338	8049
59766.881574	8464972378.037	   0.349	8049
59766.881690	8464972372.037	   0.365	8049
59766.881806	8464972367.937	   0.464	8049
59766.881921	8464972362.537	   0.764	8049
59766.882037	8464972356.637	   0.315	8049
59766.882153	8464972353.437	   0.324	8049
59766.882269	8464972346.737	   0.493	8049
59766.882384	8464972340.137	   0.621	8049
59766.882500	8464972334.937	   0.434	8049
59766.882616	8464972330.637	   0.459	8049
59766.882731	8464972324.837	   0.586	8049
59766.882847	8464972318.937	   0.505	8049
59766.882963	8464972313.237	   0.594	8049
59766.883079	8464972309.537	   0.339	8049
59766.883194	8464972303.637	   0.720	8049
59766.883310	8464972298.636	   0.583	8049
59766.883426	8464972293.136	   0.408	8049
59766.883542	8464972286.936	   0.513	8049
59766.883657	8464972282.336	   0.561	8049
59766.883773	8464972278.136	   0.310	8049
59766.883889	8464972272.336	   0.264	8049
59766.884005	8464972265.636	   0.534	8049
59766.884120	8464972261.536	   0.467	8049
59766.884236	8464972257.136	   0.906	8049
59766.884352	8464972249.936	   0.326	8049
59766.884468	8464972244.936	   0.335	8049
59766.884583	8464972240.336	   0.580	8049
59766.884699	8464972234.336	   0.295	8049
59766.884815	8464972230.836	   0.434	8049
59766.884931	8464972224.736	   0.690	8049
59766.885046	8464972219.236	   0.892	8049
59766.885162	8464972213.136	   0.315	8049
59766.885278	8464972208.236	   0.412	8049
59766.885394	8464972202.836	   0.263	8049
59766.885509	8464972197.036	   0.760	8049
59766.885625	8464972191.936	   0.311	8049
59766.885741	8464972186.436	   0.426	8049
59766.885856	8464972182.736	   0.513	8049
59766.885972	8464972175.936	   0.404	8049
59766.886088	8464972170.836	   0.253	8049
59766.886204	8464972166.236	   0.433	8049
59766.886319	8464972161.436	   0.500	8049
59766.886435	8464972155.836	   0.465	8049
59766.886551	8464972150.336	   0.866	8049
59766.886667	8464972145.736	   0.444	8049
59766.886782	8464972140.336	   0.548	8049
59766.886898	8464972134.036	   0.420	8049
59766.887014	8464972128.636	   0.427	8049
59766.887130	8464972124.736	   0.480	8049
59766.887245	8464972117.236	   0.412	8049
59766.887361	8464972113.836	   0.251	8049
59766.887477	8464972108.336	   0.585	8049
59766.887593	8464972101.036	   0.360	8049
59766.887708	8464972097.635	   0.718	8049
59766.887824	8464972091.135	   0.643	8049
59766.887940	8464972085.835	   0.404	8049
59766.888056	8464972080.535	   0.440	8049
59766.888171	8464972075.935	   0.450	8049
59766.888287	8464972071.035	   0.854	8049
59766.888403	8464972064.535	   0.295	8049
59766.888519	8464972059.035	   0.972	8049
59766.888634	8464972055.835	   0.266	8049
59766.888750	8464972049.935	   0.524	8049
59766.888866	8464972044.635	   0.752	8049
59766.888981	8464972039.335	   0.387	8049
59766.889097	8464972032.835	   0.436	8049
59766.889213	8464972027.835	   0.347	8049
59766.889329	8464972021.935	   0.627	8049
59766.889444	8464972016.335	   0.382	8049
59766.889560	8464972010.735	   0.284	8049
59766.889676	8464972007.935	   0.900	8049
59766.889792	8464972000.735	   0.686	8049
59766.889907	8464971995.035	   0.213	8049
59766.890023	8464971990.835	   0.437	8049
59766.890139	8464971985.635	   0.575	8049
59766.890255	8464971980.835	   0.322	8049
59766.890370	8464971973.735	   0.278	8049
59766.890486	8464971968.135	   0.400	8049
59766.890602	8464971964.335	   0.329	8049
59766.890718	8464971956.935	   0.255	8049
59766.890833	8464971953.635	   0.317	8049
59766.890949	8464971949.035	   0.335	8049
59766.891065	8464971941.535	   0.497	8049
59766.891181	8464971935.935	   0.636	8049
59766.891296	8464971930.635	   0.546	8049
59766.891412	8464971926.935	   0.590	8049
59766.891528	8464971920.635	   0.355	8049
59766.891644	8464971914.635	   0.522	8049
59766.891759	8464971909.635	   0.535	8049
59766.891875	8464971903.435	   0.535	8049
59766.891991	8464971899.134	   0.505	8049
59766.892106	8464971893.534	   0.483	8049
59766.892222	8464971889.234	   0.222	8049
59766.892338	8464971884.534	   0.429	8049
59766.892454	8464971879.234	   0.373	8049
59766.892569	8464971873.234	   0.321	8049
59766.892685	8464971868.734	   0.620	8049
59766.892801	8464971862.534	   0.514	8049
59766.892917	8464971856.734	   0.941	8049
59766.893032	8464971851.834	   0.627	8049
59766.893148	8464971845.534	   0.495	8049
59766.893264	8464971840.434	   0.526	8049
59766.893380	8464971835.234	   0.437	8049
59766.893495	8464971830.434	   0.530	8049
59766.893611	8464971825.234	   0.447	8049
59766.893727	8464971819.734	   0.710	8049
59766.893843	8464971812.634	   0.613	8049
59766.893958	8464971808.234	   0.569	8049
59766.894074	8464971802.034	   0.366	8049
59766.894190	8464971798.234	   0.482	8049
59766.894306	8464971793.334	   0.560	8049
59766.894421	8464971786.934	   0.449	8049
59766.894537	8464971781.834	   0.669	8049
59766.894653	8464971777.034	   0.444	8049
59766.894769	8464971770.734	   0.443	8049
59766.894884	8464971765.634	   0.531	8049
59766.895000	8464971759.434	   0.319	8049
59766.895116	8464971754.134	   0.355	8049
59766.895231	8464971750.034	   0.340	8049
59766.895347	8464971743.334	   0.438	8049
59766.895463	8464971739.134	   0.392	8049
59766.895579	8464971733.834	   0.406	8049
59766.895694	8464971726.434	   0.355	8049
59766.895810	8464971722.234	   0.397	8049
59766.895926	8464971716.834	   0.393	8049
59766.896042	8464971712.234	   0.623	8049
59766.896157	8464971706.634	   0.424	8049
59766.896273	8464971701.634	   1.093	8049
59766.896389	8464971695.333	   0.432	8049
59766.896505	8464971691.433	   0.297	8049
59766.896620	8464971685.533	   0.323	8049
59766.896736	8464971680.133	   0.429	8049
59766.896852	8464971675.633	   0.341	8049
59766.896968	8464971669.133	   0.981	8049
59766.897083	8464971664.533	   0.604	8049
59766.897199	8464971658.633	   0.815	8049
59766.897315	8464971654.333	   0.445	8049
59766.897431	8464971649.733	   0.339	8049
59766.897546	8464971642.033	   0.362	8049
59766.897662	8464971636.933	   0.274	8049
59766.897778	8464971631.733	   0.753	8049
59766.897894	8464971626.433	   0.716	8049
59766.898009	8464971622.333	   0.350	8049
59766.898125	8464971615.833	   0.519	8049
59766.898241	8464971609.333	   0.470	8049
59766.898356	8464971604.333	   0.369	8049
59766.898472	8464971599.533	   0.191	8049
59766.898588	8464971593.933	   0.506	8049
59766.898704	8464971589.233	   0.390	8049
59766.898819	8464971583.733	   0.468	8049
59766.898935	8464971578.433	   0.799	8049
59766.899051	8464971573.833	   0.412	8049
59766.899167	8464971567.333	   0.497	8049
59766.899282	8464971562.433	   0.597	8049
59766.899398	8464971557.233	   0.382	8049
59766.899514	8464971551.733	   0.703	8049
59766.899630	8464971546.433	   0.674	8049
59766.899745	8464971541.233	   0.365	8049
59766.899861	8464971537.233	   0.428	8049
59766.899977	8464971532.733	   0.465	8049
59766.900093	8464971527.833	   0.386	8049
59766.900208	8464971521.233	   0.512	8049
59766.900324	8464971514.933	   0.471	8049
59766.900440	8464971509.133	   0.566	8049
59766.900556	8464971505.533	   0.354	8049
59766.900671	8464971499.733	   0.429	8049
59766.900787	8464971494.632	   0.379	8049
59766.900903	8464971488.832	   0.671	8049
59766.901019	8464971485.132	   0.390	8049
59766.901134	8464971477.932	   0.367	8049
59766.901250	8464971474.032	   0.561	8049
59766.901366	8464971467.632	   0.756	8049
59766.901481	8464971463.832	   0.446	8049
59766.901597	8464971458.532	   0.367	8049
59766.901713	8464971451.532	   0.244	8049
59766.901829	8464971446.432	   0.647	8049
59766.901944	8464971441.532	   0.371	8049
59766.902060	8464971436.232	   0.199	8049
59766.902176	8464971432.032	   0.564	8049
59766.902292	8464971426.932	   0.425	8049
59766.902407	8464971420.932	   0.415	8049
59766.902523	8464971416.032	   0.397	8049
59766.902639	8464971409.832	   0.660	8049
59766.902755	8464971404.532	   0.722	8049
59766.902870	8464971400.932	   0.478	8049
59766.902986	8464971395.832	   0.424	8049
59766.903102	8464971388.932	   0.330	8049
59766.903218	8464971385.732	   0.446	8049
59766.903333	8464971379.632	   0.457	8049
59766.903449	8464971374.332	   0.312	8049
59766.903565	8464971368.932	   0.388	8049
59766.903681	8464971362.732	   0.394	8049
59766.903796	8464971358.432	   0.543	8049
59766.903912	8464971353.532	   0.442	8049
59766.904028	8464971348.432	   0.234	8049
59766.904144	8464971342.432	   0.382	8049
59766.904259	8464971336.332	   0.322	8049
59766.904375	8464971332.932	   0.567	8049
59766.904491	8464971326.332	   0.380	8049
59766.904606	8464971321.632	   0.408	8049
59766.904722	8464971316.232	   0.587	8049
59766.904838	8464971310.632	   0.443	8049
59766.904954	8464971305.332	   1.057	8049
59766.905069	8464971300.332	   0.436	8049
59766.905185	8464971294.431	   0.430	8049
59766.905301	8464971289.831	   0.557	8049
59766.905417	8464971284.231	   0.293	8049
59766.905532	8464971279.131	   0.366	8049
59766.905648	8464971273.231	   0.857	8049
59766.905764	8464971267.131	   0.538	8049
59766.905880	8464971261.431	   0.345	8049
59766.905995	8464971256.531	   0.507	8049
59766.906111	8464971252.031	   0.467	8049
59766.906227	8464971245.831	   0.698	8049
59766.906343	8464971239.831	   0.293	8049
59766.906458	8464971234.731	   0.424	8049
59766.906574	8464971230.131	   0.453	8049
59766.906690	8464971225.031	   0.594	8049
59766.906806	8464971220.331	   0.343	8049
59766.906921	8464971214.031	   0.401	8049
59766.907037	8464971209.331	   0.502	8049
59766.907153	8464971203.731	   0.270	8049
59766.907269	8464971199.731	   0.324	8049
59766.907384	8464971192.931	   0.357	8049
59766.907500	8464971188.231	   0.433	8049
59766.907616	8464971182.331	   0.561	8049
59766.907731	8464971177.131	   0.554	8049
59766.907847	8464971170.031	   0.300	8049
59766.907963	8464971166.231	   0.356	8049
59766.908079	8464971160.631	   0.452	8049
59766.908194	8464971156.531	   0.417	8049
59766.908310	8464971150.531	   0.673	8049
59766.908426	8464971144.931	   0.348	8049
59766.908542	8464971139.131	   0.444	8049
59766.908657	8464971133.131	   0.267	8049
59766.908773	8464971128.531	   0.311	8049
59766.908889	8464971123.631	   0.440	8049
59766.909005	8464971118.831	   0.454	8049
59766.909120	8464971114.231	   0.380	8049
59766.909236	8464971109.031	   0.569	8049
59766.909352	8464971104.031	   0.342	8049
59766.909468	8464971098.430	   0.462	8049
59766.909583	8464971091.730	   0.610	8049
59766.909699	8464971085.730	   0.323	8049
59766.909815	8464971082.130	   0.461	8049
59766.909931	8464971075.630	   0.428	8049
59766.910046	8464971071.030	   0.475	8049
59766.910162	8464971064.230	   0.477	8049
59766.910278	8464971060.530	   0.591	8049
59766.910394	8464971055.530	   0.721	8049
59766.910509	8464971051.130	   0.791	8049
59766.910625	8464971044.830	   0.417	8049
59766.910741	8464971039.830	   0.294	8049
59766.910856	8464971033.930	   0.389	8049
59766.910972	8464971031.030	   0.324	8049
59766.911088	8464971022.730	   0.343	8049
59766.911204	8464971018.530	   0.494	8049
59766.911319	8464971014.230	   0.395	8049
59766.911435	8464971007.230	   0.480	8049
59766.911551	8464971001.630	   0.478	8049
59766.911667	8464970995.730	   0.275	8049
59766.911782	8464970991.230	   0.361	8049
59766.911898	8464970987.730	   0.421	8049
59766.912014	8464970981.030	   0.399	8049
59766.912130	8464970975.330	   0.653	8049
59766.912245	8464970969.730	   0.429	8049
59766.912361	8464970966.530	   0.367	8049
59766.912477	8464970961.530	   0.434	8049
59766.912593	8464970955.930	   0.479	8049
59766.912708	8464970949.730	   0.781	8049
59766.912824	8464970943.630	   0.443	8049
59766.912940	8464970939.630	   0.707	8049
59766.913056	8464970934.330	   0.471	8049
59766.913171	8464970929.830	   0.528	8049
59766.913287	8464970923.030	   0.677	8049
59766.913403	8464970918.830	   0.279	8049
59766.913519	8464970912.730	   0.423	8049
59766.913634	8464970907.330	   0.376	8049
59766.913750	8464970902.630	   0.339	8049
59766.913866	8464970898.329	   0.326	8049
59766.913981	8464970891.829	   0.499	8049
59766.914097	8464970885.429	   0.384	8049
59766.914213	8464970881.929	   0.444	8049
59766.914329	8464970876.829	   0.470	8049
59766.914444	8464970871.729	   0.729	8049
59766.914560	8464970867.229	   0.446	8049
59766.914676	8464970860.229	   0.845	8049
59766.914792	8464970855.329	   0.339	8049
59766.914907	8464970851.329	   0.419	8049
59766.915023	8464970846.229	   0.376	8049
59766.915139	8464970840.229	   0.463	8049
59766.915255	8464970834.829	   0.524	8049
59766.915370	8464970829.229	   0.499	8049
59766.915486	8464970825.729	   0.304	8049
59766.915602	8464970819.829	   0.348	8049
59766.915718	8464970813.629	   0.368	8049
59766.915833	8464970810.129	   0.388	8049
59766.915949	8464970803.529	   0.408	8049
59766.916065	8464970798.829	   1.012	8049
59766.916181	8464970793.929	   1.530	8049
59766.916296	8464970788.829	   0.560	8049
59766.916412	8464970784.029	   0.853	8049
59766.916528	8464970778.229	   0.300	8049
59766.916644	8464970773.529	   0.815	8049
59766.916759	8464970768.129	   0.237	8049
59766.916875	8464970762.429	   0.420	8049
59766.916991	8464970757.929	   0.733	8049
59766.917106	8464970751.329	   0.471	8049
59766.917222	8464970746.629	   0.297	8049
59766.917338	8464970742.729	   0.565	8049
59766.917454	8464970736.529	   0.747	8049
59766.917569	8464970731.729	   0.589	8049
59766.917685	8464970725.829	   0.602	8049
59766.917801	8464970720.629	   0.428	8049
59766.917917	8464970715.929	   0.731	8049
59766.918032	8464970710.729	   0.399	8049
59766.918148	8464970704.829	   0.554	8049
59766.918264	8464970699.628	   0.373	8049
59766.918380	8464970695.828	   0.346	8049
59766.918495	8464970690.628	   0.373	8049
59766.918611	8464970684.428	   0.393	8049
59766.918727	8464970676.728	   0.226	8049
59766.918843	8464970672.928	   0.298	8049
59766.918958	8464970669.528	   0.500	8049
59766.919074	8464970662.128	   0.364	8049
59766.919190	8464970657.128	   0.485	8049
59766.919306	8464970651.728	   0.514	8049
59766.919421	8464970647.028	   0.468	8049
59766.919537	8464970643.128	   0.367	8049
59766.919653	8464970637.328	   0.395	8049
59766.919769	8464970632.828	   0.541	8049
59766.919884	8464970625.828	   0.314	8049
59766.920000	8464970620.228	   0.503	8049
59766.920116	8464970616.428	   0.407	8049
59766.920231	8464970610.728	   0.445	8049
59766.920347	8464970605.328	   0.532	8049
59766.920463	8464970600.528	   0.413	8049
59766.920579	8464970594.828	   0.959	8049
59766.920694	8464970589.828	   0.397	8049
59766.920810	8464970584.528	   0.341	8049
59766.920926	8464970578.028	   0.432	8049
59766.921042	8464970573.128	   0.490	8049
59766.921157	8464970568.928	   0.324	8049
59766.921273	8464970562.128	   0.249	8049
59766.921389	8464970557.528	   0.208	8049
59766.921505	8464970553.728	   0.294	8049
59766.921620	8464970546.928	   0.504	8049
59766.921736	8464970542.328	   0.640	8049
59766.921852	8464970536.628	   0.357	8049
59766.921968	8464970532.028	   0.374	8049
59766.922083	8464970527.128	   0.771	8049
59766.922199	8464970522.028	   0.714	8049
59766.922315	8464970515.228	   0.337	8049
59766.922431	8464970511.928	   0.340	8049
59766.922546	8464970506.228	   0.381	8049
59766.922662	8464970501.828	   0.199	8049
59766.922778	8464970496.227	   0.345	8049
59766.922894	8464970489.027	   0.525	8049
59766.923009	8464970486.327	   0.336	8049
59766.923125	8464970479.327	   0.491	8049
59766.923241	8464970474.227	   0.390	8049
59766.923356	8464970469.627	   0.471	8049
59766.923472	8464970464.727	   0.343	8049
59766.923588	8464970458.527	   0.317	8049
59766.923704	8464970453.927	   0.627	8049
59766.923819	8464970448.727	   0.275	8049
59766.923935	8464970444.327	   0.438	8049
59766.924051	8464970439.827	   0.388	8049
59766.924167	8464970432.427	   0.604	8049
59766.924282	8464970428.427	   0.497	8049
59766.924398	8464970423.127	   0.722	8049
59766.924514	8464970417.527	   0.461	8049
59766.924630	8464970412.027	   0.455	8049
59766.924745	8464970409.227	   0.314	8049
59766.924861	8464970402.427	   0.441	8049
59766.924977	8464970397.427	   0.439	8049
59766.925093	8464970392.727	   0.520	8049
59766.925208	8464970386.527	   0.334	8049
59766.925324	8464970382.927	   0.396	8049
59766.925440	8464970377.027	   0.458	8049
59766.925556	8464970371.527	   0.387	8049
59766.925671	8464970367.327	   0.344	8049
59766.925787	8464970361.827	   0.920	8049
59766.925903	8464970355.727	   1.062	8049
59766.926019	8464970352.327	   0.313	8049
59766.926134	8464970346.627	   0.573	8049
59766.926250	8464970340.727	   0.492	8049
59766.926366	8464970336.027	   0.358	8049
59766.926481	8464970331.527	   0.386	8049
59766.926597	8464970325.127	   0.458	8049
59766.926713	8464970320.627	   0.329	8049
59766.926829	8464970315.327	   0.336	8049
59766.926944	8464970309.727	   0.648	8049
59766.927060	8464970305.127	   0.659	8049
59766.927176	8464970301.227	   0.584	8049
59766.927292	8464970295.226	   1.377	8049
59766.927407	8464970290.526	   0.582	8049
59766.927523	8464970284.026	   0.459	8049
59766.927639	8464970280.326	   0.397	8049
59766.927755	8464970275.826	   0.377	8049
59766.927870	8464970269.626	   0.555	8049
59766.927986	8464970264.526	   0.386	8049
59766.928102	8464970259.526	   0.683	8049
59766.928218	8464970254.326	   0.495	8049
59766.928333	8464970249.526	   0.536	8049
59766.928449	8464970244.526	   0.361	8049
59766.928565	8464970240.426	   0.378	8049
59766.928681	8464970235.326	   0.506	8049
59766.928796	8464970230.126	   0.306	8049
59766.928912	8464970226.426	   0.281	8049
59766.929028	8464970219.026	   0.747	8049
59766.929144	8464970214.126	   0.462	8049
59766.929259	8464970208.326	   0.368	8049
59766.929375	8464970202.726	   0.415	8049
59766.929491	8464970199.826	   0.642	8049
59766.929606	8464970193.626	   1.246	8049
59766.929722	8464970188.926	   0.329	8049
59766.929838	8464970181.426	   0.562	8049
59766.929954	8464970177.526	   0.520	8049
59766.930069	8464970172.726	   0.415	8049
59766.930185	8464970168.126	   0.358	8049
59766.930301	8464970163.226	   0.405	8049
59766.930417	8464970157.926	   0.876	8049
59766.930532	8464970152.926	   0.350	8049
59766.930648	8464970146.126	   0.511	8049
59766.930764	8464970141.826	   0.521	8049
59766.930880	8464970136.526	   0.883	8049
59766.930995	8464970130.526	   0.657	8049
59766.931111	8464970125.226	   0.250	8049
59766.931227	8464970121.126	   0.335	8049
59766.931343	8464970116.926	   0.544	8049
59766.931458	8464970110.626	   0.388	8049
59766.931574	8464970105.726	   0.490	8049
59766.931690	8464970101.926	   0.353	8049
59766.931806	8464970095.725	   0.601	8049
59766.931921	8464970090.825	   0.520	8049
59766.932037	8464970084.625	   0.452	8049
59766.932153	8464970079.525	   0.353	8049
59766.932269	8464970073.725	   0.447	8049
59766.932384	8464970070.625	   0.257	8049
59766.932500	8464970064.725	   0.453	8049
59766.932616	8464970059.625	   0.361	8049
59766.932731	8464970054.825	   0.440	8049
59766.932847	8464970049.125	   0.374	8049
59766.932963	8464970044.825	   0.295	8049
59766.933079	8464970038.325	   0.324	8049
59766.933194	8464970032.825	   0.400	8049
59766.933310	8464970029.225	   0.472	8049
59766.933426	8464970022.425	   0.580	8049
59766.933542	8464970019.225	   0.435	8049
59766.933657	8464970013.225	   0.411	8049
59766.933773	8464970008.425	   0.239	8049
59766.933889	8464970003.925	   0.537	8049
59766.934005	8464969998.825	   0.440	8049
59766.934120	8464969993.525	   0.427	8049
59766.934236	8464969987.725	   0.349	8049
59766.934352	8464969982.325	   0.415	8049
59766.934468	8464969977.025	   0.650	8049
59766.934583	8464969972.625	   0.312	8049
59766.934699	8464969967.025	   0.580	8049
59766.934815	8464969962.825	   0.499	8049
59766.934931	8464969957.425	   0.340	8049
59766.935046	8464969953.725	   0.337	8049
59766.935162	8464969947.025	   0.553	8049
59766.935278	8464969942.225	   0.436	8049
59766.935394	8464969936.125	   0.763	8049
59766.935509	8464969932.825	   0.517	8049
59766.935625	8464969927.325	   0.273	8049
59766.935741	8464969922.625	   0.315	8049
59766.935856	8464969917.725	   0.467	8049
59766.935972	8464969912.725	   0.271	8049
59766.936088	8464969907.325	   0.405	8049
59766.936204	8464969902.425	   0.272	8049
59766.936319	8464969898.324	   0.279	8049
59766.936435	8464969891.724	   0.303	8049
59766.936551	8464969887.124	   0.604	8049
59766.936667	8464969881.324	   0.288	8049
59766.936782	8464969876.324	   0.234	8049
59766.936898	8464969871.524	   0.544	8049
59766.937014	8464969866.424	   0.522	8049
59766.937130	8464969861.524	   0.495	8049
59766.937245	8464969856.724	   0.561	8049
59766.937361	8464969852.824	   0.396	8049
59766.937477	8464969848.124	   0.310	8049
59766.937593	8464969842.424	   0.322	8049
59766.937708	8464969839.124	   0.233	8049
59766.937824	8464969831.324	   0.195	8049
59766.937940	8464969828.424	   0.277	8049
59766.938056	8464969823.224	   0.780	8049
59766.938171	8464969818.724	   0.416	8049
59766.938287	8464969812.024	   0.193	8049
59766.938403	8464969809.024	   0.446	8049
59766.938519	8464969804.324	   0.202	8049
59766.938634	8464969798.924	   0.409	8049
59766.938750	8464969793.524	   0.281	8049
59766.938866	8464969788.324	   0.360	8049
59766.938981	8464969782.924	   0.356	8049
59766.939097	8464969778.524	   0.188	8049
59766.939213	8464969773.924	   0.292	8049
59766.939329	8464969768.124	   0.265	8049
59766.939444	8464969762.424	   0.276	8049
59766.939560	8464969757.024	   0.466	8049
59766.939676	8464969751.624	   0.250	8049
59766.939792	8464969746.824	   0.474	8049
59766.939907	8464969740.924	   0.255	8049
59766.940023	8464969736.924	   0.291	8049
59766.940139	8464969733.024	   0.221	8049
59766.940255	8464969726.724	   0.309	8049
59766.940370	8464969721.524	   0.372	8049
59766.940486	8464969717.624	   0.263	8049
59766.940602	8464969712.024	   0.372	8049
59766.940718	8464969705.224	   0.218	8049
59766.940833	8464969701.624	   0.551	8049
59766.940949	8464969695.723	   0.347	8049
59766.941065	8464969690.923	   0.172	8049
59766.941181	8464969684.523	   0.402	8049
59766.941296	8464969681.023	   0.332	8049
59766.941412	8464969676.123	   0.428	8049
59766.941528	8464969671.023	   0.293	8049
59766.941644	8464969665.523	   0.249	8049
59766.941759	8464969661.723	   0.201	8049
59766.941875	8464969657.723	   0.427	8049
59766.941991	8464969649.623	   0.162	8049
59766.942106	8464969646.523	   0.325	8049
59766.942222	8464969641.123	   0.537	8049
59766.942338	8464969637.323	   0.580	8049
59766.942454	8464969631.623	   0.397	8049
59766.942569	8464969627.123	   0.319	8049
59766.942685	8464969622.423	   0.370	8049
59766.942801	8464969616.323	   0.463	8049
59766.942917	8464969612.223	   0.775	8049
59766.943032	8464969608.023	   0.312	8049
59766.943148	8464969602.323	   0.361	8049
59766.943264	8464969596.823	   0.364	8049
59766.943380	8464969590.523	   0.495	8049
59766.943495	8464969587.323	   0.690	8049
59766.943611	8464969581.223	   0.356	8049
59766.943727	8464969575.623	   0.347	8049
59766.943843	8464969571.323	   0.755	8049
59766.943958	8464969566.523	   0.338	8049
59766.944074	8464969562.823	   0.383	8049
59766.944190	8464969556.223	   0.470	8049
59766.944306	8464969551.023	   0.409	8049
59766.944421	8464969547.423	   0.490	8049
59766.944537	8464969541.223	   0.770	8049
59766.944653	8464969537.523	   0.648	8049
59766.944769	8464969532.023	   0.553	8049
59766.944884	8464969525.923	   0.349	8049
59766.945000	8464969522.623	   0.285	8049
59766.945116	8464969515.923	   0.421	8049
59766.945231	8464969512.423	   0.281	8049
59766.945347	8464969508.023	   0.466	8049
59766.945463	8464969501.623	   0.494	8049
59766.945579	8464969497.322	   0.522	8049
59766.945694	8464969490.922	   0.349	8049
59766.945810	8464969487.922	   0.464	8049
59766.945926	8464969481.922	   0.470	8049
59766.946042	8464969478.922	   0.553	8049
59766.946157	8464969472.822	   0.633	8049
59766.946273	8464969467.522	   0.681	8049
59766.946389	8464969463.322	   1.029	8049
59766.946505	8464969458.922	   0.638	8049
59766.946620	8464969452.822	   0.352	8049
59766.946736	8464969448.522	   0.465	8049
59766.946852	8464969442.822	   0.447	8049
59766.946968	8464969439.322	   0.319	8049
59766.947083	8464969435.022	   0.529	8049
59766.947199	8464969429.622	   0.893	8049
59766.947315	8464969423.822	   0.268	8049
59766.947431	8464969420.722	   0.454	8049
59766.947546	8464969414.822	   0.406	8049
59766.947662	8464969409.822	   0.508	8049
59766.947778	8464969405.422	   0.843	8049
59766.947894	8464969399.422	   0.485	8049
59766.948009	8464969397.322	   0.286	8049
59766.948125	8464969389.622	   0.409	8049
59766.948241	8464969386.122	   0.410	8049
59766.948356	8464969380.622	   0.343	8049
59766.948472	8464969376.522	   0.207	8049
59766.948588	8464969371.422	   0.357	8049
59766.948704	8464969367.922	   0.607	8049
59766.948819	8464969362.922	   0.285	8049
59766.948935	8464969356.922	   0.328	8049
59766.949051	8464969352.122	   0.318	8049
59766.949167	8464969346.722	   0.465	8049
59766.949282	8464969341.922	   0.562	8049
59766.949398	8464969337.722	   0.594	8049
59766.949514	8464969332.922	   0.231	8049
59766.949630	8464969327.722	   0.818	8049
59766.949745	8464969322.822	   0.809	8049
59766.949861	8464969316.622	   0.438	8049
59766.949977	8464969312.922	   0.802	8049
59766.950093	8464969307.822	   0.467	8049
59766.950208	8464969301.822	   0.340	8049
59766.950324	8464969297.921	   0.605	8049
59766.950440	8464969292.421	   0.392	8049
59766.950556	8464969289.321	   0.294	8049
59766.950671	8464969282.221	   0.467	8049
59766.950787	8464969277.821	   0.503	8049
59766.950903	8464969272.921	   0.593	8049
59766.951019	8464969269.121	   0.470	8049
59766.951134	8464969263.821	   0.356	8049
59766.951250	8464969259.321	   0.497	8049
59766.951366	8464969254.621	   0.473	8049
59766.951481	8464969250.221	   0.356	8049
59766.951597	8464969244.621	   0.393	8049
59766.951713	8464969240.721	   0.343	8049
59766.951829	8464969234.621	   0.393	8049
59766.951944	8464969229.821	   0.493	8049
59766.952060	8464969224.821	   0.569	8049
59766.952176	8464969219.021	   0.637	8049
59766.952292	8464969215.621	   0.463	8049
59766.952407	8464969209.621	   0.374	8049
59766.952523	8464969204.921	   0.288	8049
59766.952639	8464969199.221	   0.490	8049
59766.952755	8464969195.021	   0.390	8049
59766.952870	8464969191.621	   0.439	8049
59766.952986	8464969185.821	   0.699	8049
59766.953102	8464969179.621	   0.312	8049
59766.953218	8464969175.421	   0.621	8049
59766.953333	8464969171.821	   0.307	8049
59766.953449	8464969165.621	   0.535	8049
59766.953565	8464969161.221	   0.576	8049
59766.953681	8464969157.821	   0.245	8049
59766.953796	8464969152.721	   0.222	8049
59766.953912	8464969146.821	   0.514	8049
59766.954028	8464969143.121	   0.668	8049
59766.954144	8464969137.121	   0.485	8049
59766.954259	8464969133.921	   0.265	8049
59766.954375	8464969127.421	   0.410	8049
59766.954491	8464969122.121	   0.321	8049
59766.954606	8464969117.121	   0.374	8049
59766.954722	8464969112.721	   0.510	8049
59766.954838	8464969107.821	   0.426	8049
59766.954954	8464969104.421	   0.433	8049
59766.955069	8464969100.021	   0.514	8049
59766.955185	8464969095.320	   0.410	8049
59766.955301	8464969089.020	   0.239	8049
59766.955417	8464969085.720	   0.241	8049
59766.955532	8464969079.020	   0.205	8049
59766.955648	8464969074.820	   0.909	8049
59766.955764	8464969069.820	   0.417	8049
59766.955880	8464969065.420	   0.247	8049
59766.955995	8464969061.520	   0.354	8049
59766.956111	8464969056.320	   0.211	8049
59766.956227	8464969051.020	   0.390	8049
59766.956343	8464969046.120	   0.375	8049
59766.956458	8464969042.520	   0.520	8049
59766.956574	8464969037.520	   0.413	8049
59766.956690	8464969032.020	   0.381	8049
59766.956806	8464969028.820	   0.299	8049
59766.956921	8464969021.920	   0.257	8049
59766.957037	8464969019.020	   0.402	8049
59766.957153	8464969014.820	   0.136	8049
59766.957269	8464969009.620	   0.486	8049
59766.957384	8464969003.820	   0.211	8049
59766.957500	8464968999.420	   0.246	8049
59766.957616	8464968994.220	   0.137	8049
59766.957731	8464968990.420	   0.229	8049
59766.957847	8464968985.820	   0.148	8049
59766.957963	8464968980.620	   0.214	8049
59766.958079	8464968976.320	   0.235	8049
59766.958194	8464968972.720	   0.193	8049
59766.958310	8464968968.620	   0.456	8049
59766.958426	8464968962.420	   0.222	8049
59766.958542	8464968957.820	   0.179	8049
59766.958657	8464968953.120	   0.206	8049
59766.958773	8464968949.420	   0.250	8049
59766.958889	8464968944.620	   0.207	8049
59766.959005	8464968940.520	   0.261	8049
59766.959120	8464968934.320	   0.143	8049
59766.959236	8464968930.620	   0.190	8049
59766.959352	8464968923.920	   0.298	8049
59766.959468	8464968917.420	   0.137	8049
59766.959699	8464968908.520	   0.166	8049
59766.959931	8464968900.020	   0.177	8049
59766.960046	8464968894.419	   0.201	8049
59766.960162	8464968889.719	   0.207	8049
59766.960278	8464968885.519	   0.159	8049
59766.960394	8464968879.419	   0.162	8049
59766.960509	8464968876.419	   0.218	8049
59766.960625	8464968870.519	   0.140	8049
59766.960741	8464968864.319	   0.125	8049
59766.960856	8464968860.419	   0.271	8049
59766.960972	8464968856.919	   0.186	8049
59766.961088	8464968851.519	   0.129	8049
59766.961204	8464968847.819	   0.252	8049
59766.961319	8464968841.819	   0.171	8049
59766.961435	8464968837.419	   0.236	8049
59766.961551	8464968832.419	   0.154	8049
59766.961667	8464968827.819	   0.199	8049
59766.961782	8464968823.119	   0.278	8049
59766.961898	8464968819.219	   0.184	8049
59766.962014	8464968814.019	   0.194	8049
59766.962130	8464968808.919	   0.158	8049
59766.962245	8464968804.919	   0.214	8049
59766.962477	8464968795.019	   0.189	8049
59766.962593	8464968791.119	   0.386	8049
59766.962708	8464968788.019	   0.158	8049
59766.962824	8464968781.219	   0.166	8049
59766.962940	8464968778.519	   0.129	8049
59766.963056	8464968772.919	   0.174	8049
59766.963287	8464968763.519	   0.138	8049
59766.963403	8464968757.319	   0.175	8049
59766.963519	8464968752.319	   0.153	8049
59766.963634	8464968749.319	   0.146	8049
59766.963750	8464968744.019	   0.189	8049
59766.963866	8464968740.619	   0.135	8049
59766.963981	8464968735.719	   0.232	8049
59766.964097	8464968730.119	   0.162	8049
59766.964213	8464968726.519	   0.191	8049
59766.964444	8464968717.219	   0.125	8049
59766.964560	8464968712.219	   0.173	8049
59766.964676	8464968709.019	   0.176	8049
59766.964907	8464968699.418	   0.286	8049
59766.965023	8464968694.318	   0.152	8049
59766.965139	8464968689.918	   0.223	8049
59766.965255	8464968684.618	   0.131	8049
59766.965370	8464968681.418	   0.122	8049
59766.965486	8464968676.318	   0.170	8049
59766.965602	8464968671.818	   0.118	8049
59766.965718	8464968666.518	   0.365	8049
59766.965949	8464968657.918	   0.152	8049
59766.966065	8464968654.118	   0.156	8049
59766.966181	8464968647.918	   0.263	8049
59766.966296	8464968645.118	   0.147	8049
59766.966759	8464968626.518	   0.124	8049
59766.966875	8464968622.818	   0.174	8049
59766.966991	8464968617.318	   0.178	8049
59766.967106	8464968613.418	   0.135	8049
59766.967222	8464968609.118	   0.127	8049
59766.967338	8464968602.918	   0.136	8049
59766.967454	8464968599.518	   0.193	8049
59766.967569	8464968594.418	   0.133	8049
59766.967801	8464968583.818	   0.182	8049
59766.967917	8464968579.418	   0.155	8049
59766.968032	8464968573.618	   0.157	8049
59766.968495	8464968554.918	   0.135	8049
59766.968611	8464968552.118	   0.131	8049
59766.968727	8464968547.318	   0.323	8049
59766.968843	8464968542.418	   0.325	8049
59766.968958	8464968538.718	   0.245	8049
59766.969074	8464968534.018	   0.254	8049
59766.969190	8464968530.518	   0.156	8049
59766.969306	8464968525.818	   0.134	8049
59766.969421	8464968519.918	   0.346	8049
59766.969769	8464968505.818	   0.258	8049
59766.969884	8464968502.218	   0.249	8049
59766.970000	8464968496.817	   0.156	8049
59766.970116	8464968492.517	   0.295	8049
59766.970231	8464968487.417	   0.367	8049
59766.970347	8464968482.917	   0.160	8049
59766.970463	8464968479.517	   0.573	8049
59766.970579	8464968474.817	   0.311	8049
59766.970694	8464968468.117	   0.182	8049
59766.970810	8464968465.917	   0.385	8049
59766.970926	8464968460.917	   0.337	8049
59766.971042	8464968455.617	   0.262	8049
59766.971157	8464968450.217	   0.335	8049
59766.971273	8464968447.017	   0.609	8049
59766.971389	8464968441.617	   0.389	8049
59766.971505	8464968437.717	   0.569	8049
59766.971620	8464968434.017	   0.275	8049
59766.971736	8464968428.017	   0.593	8049
59766.971852	8464968423.617	   0.638	8049
59766.971968	8464968418.917	   0.159	8049
59766.972083	8464968415.917	   0.284	8049
59766.972199	8464968410.417	   0.393	8049
59766.972315	8464968407.217	   0.383	8049
59766.972431	8464968402.217	   0.391	8049
59766.972546	8464968396.917	   0.661	8049
59766.972662	8464968393.117	   0.633	8049
59766.972778	8464968389.617	   0.420	8049
59766.972894	8464968384.617	   0.322	8049
59766.974051	8464968340.717	   0.189	8049
59766.974167	8464968336.317	   0.731	8049
59766.974282	8464968332.617	   0.331	8049
59766.974398	8464968328.517	   0.208	8049
59766.976481	8464968248.116	   0.166	8049
59766.976713	8464968238.416	   0.129	8049
59766.976829	8464968235.316	   0.376	8049
59766.976944	8464968229.916	   0.549	8049
59766.977060	8464968224.816	   0.771	8049
59766.977176	8464968220.216	   0.173	8049
59766.977292	8464968216.616	   0.440	8049
59766.977407	8464968210.216	   0.282	8049
59766.977523	8464968207.116	   0.662	8049
59766.977639	8464968203.316	   0.432	8049
59766.977755	8464968198.116	   1.346	8049
59766.977870	8464968193.416	   0.421	8049
59766.977986	8464968189.016	   0.569	8049
59766.978102	8464968185.216	   0.718	8049
59766.978218	8464968179.916	   0.829	8049
59766.978333	8464968175.616	   0.360	8049
59766.978449	8464968170.916	   0.572	8049
59766.978565	8464968167.516	   0.337	8049
59766.978681	8464968161.916	   0.552	8049
59766.978796	8464968157.916	   0.599	8049
59766.978912	8464968152.816	   0.502	8049
59766.979028	8464968149.016	   0.635	8049
59766.979144	8464968146.116	   0.349	8049
59766.979259	8464968142.316	   0.481	8049
59766.979375	8464968137.016	   0.744	8049
59766.979491	8464968132.916	   0.344	8049
59766.979606	8464968128.116	   0.507	8049
59766.979722	8464968124.616	   0.519	8049
59766.979838	8464968119.016	   0.304	8049
59766.979954	8464968115.016	   0.276	8049
59766.980069	8464968110.816	   0.430	8049
59766.980185	8464968106.316	   0.921	8049
59766.980301	8464968103.516	   0.338	8049
59766.980417	8464968097.315	   0.586	8049
59766.980532	8464968094.315	   0.447	8049
59766.980648	8464968089.615	   0.998	8049
59766.980764	8464968085.115	   0.499	8049
59766.980880	8464968081.015	   0.522	8049
59766.980995	8464968076.715	   0.530	8049
59766.981111	8464968071.715	   0.159	8049
59766.981227	8464968069.315	   0.531	8049
59766.981343	8464968063.615	   0.646	8049
59766.981458	8464968059.515	   0.325	8049
59766.981574	8464968055.615	   0.536	8049
59766.981690	8464968050.715	   0.879	8049
59766.981806	8464968047.515	   0.395	8049
59766.981921	8464968042.515	   0.339	8049
59766.982037	8464968038.115	   0.294	8049
59766.982153	8464968032.915	   0.507	8049
59766.982269	8464968029.415	   0.919	8049
59766.982384	8464968025.415	   0.621	8049
59766.982500	8464968021.815	   0.535	8049
59766.982616	8464968016.015	   0.532	8049
59766.982731	8464968012.115	   0.740	8049
59766.982847	8464968007.515	   0.325	8049
59766.982963	8464968004.115	   0.431	8049
59766.983079	8464968000.315	   0.421	8049
59766.983194	8464967996.215	   0.492	8049
59766.983310	8464967991.115	   0.678	8049
59766.983426	8464967986.715	   0.358	8049
59766.983542	8464967982.915	   0.674	8049
59766.983657	8464967979.515	   0.614	8049
59766.983773	8464967974.915	   0.580	8049
59766.983889	8464967970.215	   0.852	8049
59766.984005	8464967966.715	   0.453	8049
59766.984120	8464967963.015	   0.440	8049
59766.984236	8464967958.015	   0.377	8049
59766.984352	8464967953.515	   0.367	8049
59766.984468	8464967949.515	   0.571	8049
59766.987708	8464967831.414	   0.645	8049
59766.987824	8464967825.814	   0.669	8049
59766.987940	8464967822.314	   0.711	8049
59766.988056	8464967818.714	   0.887	8049
59766.988171	8464967813.614	   0.539	8049
59766.988287	8464967809.214	   0.372	8049
59766.988403	8464967804.714	   0.561	8049
59766.988519	8464967801.414	   0.357	8049
59766.988634	8464967796.814	   0.530	8049
59766.988750	8464967792.414	   1.105	8049
59766.988866	8464967787.614	   0.478	8049
59766.988981	8464967784.214	   0.412	8049
59766.989097	8464967779.614	   0.667	8049
59766.989213	8464967777.514	   0.639	8049
59766.989329	8464967772.314	   0.420	8049
59766.989444	8464967768.814	   0.572	8049
59766.989560	8464967764.014	   0.337	8049
59766.989676	8464967759.614	   0.656	8049
59766.989792	8464967757.514	   0.570	8049
59766.989907	8464967751.314	   0.343	8049
59766.990023	8464967748.714	   0.804	8049
59766.990139	8464967743.014	   0.873	8049
59766.990255	8464967740.114	   0.784	8049
59766.990370	8464967735.214	   0.749	8049
59766.990486	8464967730.814	   0.900	8049
59766.990602	8464967727.014	   0.727	8049
59766.990718	8464967722.914	   0.577	8049
59766.990833	8464967718.714	   0.642	8049
59766.990949	8464967715.314	   0.519	8049
59766.991065	8464967711.014	   0.462	8049
59766.991181	8464967707.814	   0.338	8049
59766.991296	8464967703.914	   0.306	8049
59766.991412	8464967699.213	   0.414	8049
59766.991528	8464967695.113	   0.596	8049
59766.991644	8464967691.313	   0.569	8049
59766.991759	8464967687.513	   0.603	8049
59766.991875	8464967683.613	   0.381	8049
59766.991991	8464967679.913	   0.600	8049
59766.992106	8464967675.813	   0.369	8049
59766.992222	8464967672.013	   0.625	8049
59766.992338	8464967668.313	   0.515	8049
59766.992454	8464967663.113	   1.123	8049
59766.992569	8464967659.613	   0.634	8049
59766.992685	8464967654.713	   0.402	8049
59766.992801	8464967650.813	   0.354	8049
59766.992917	8464967646.213	   0.321	8049
59766.993032	8464967642.013	   0.405	8049
59766.993148	8464967638.813	   0.664	8049
59766.993264	8464967634.413	   1.372	8049
59766.993380	8464967629.313	   0.585	8049
59766.993495	8464967625.813	   0.425	8049
59766.993611	8464967622.213	   0.875	8049
59766.993727	8464967617.713	   0.737	8049
59766.993843	8464967615.113	   0.510	8049
59766.993958	8464967609.713	   0.460	8049
59766.994074	8464967605.313	   0.694	8049
59766.994190	8464967602.913	   0.585	8049
59766.994306	8464967598.713	   0.389	8049
59766.994421	8464967593.713	   0.616	8049
59766.994537	8464967589.813	   0.676	8049
59766.994653	8464967585.613	   0.824	8049
59766.994769	8464967581.713	   0.703	8049
59766.994884	8464967577.213	   0.659	8049
59766.995000	8464967574.113	   0.560	8049
59766.995116	8464967569.213	   0.447	8049
59766.995231	8464967565.413	   0.524	8049
59766.995347	8464967561.013	   0.542	8049
59766.995463	8464967558.413	   0.447	8049
59766.995579	8464967553.513	   0.496	8049
59766.995694	8464967549.313	   0.522	8049
59766.995810	8464967546.213	   0.542	8049
59766.995926	8464967540.813	   0.535	8049
59766.996042	8464967537.213	   0.485	8049
59766.996157	8464967532.313	   0.480	8049
59766.996273	8464967529.113	   0.564	8049
59766.996389	8464967525.713	   0.341	8049
59766.996505	8464967523.013	   0.267	8049
59766.996620	8464967518.513	   0.400	8049
59766.996736	8464967514.313	   0.396	8049
59766.996852	8464967509.013	   0.639	8049
59766.996968	8464967505.113	   0.487	8049
59766.997083	8464967502.113	   0.434	8049
59766.997199	8464967496.512	   0.404	8049
59766.997315	8464967493.712	   0.431	8049
59766.997431	8464967491.212	   0.427	8049
59766.997546	8464967486.112	   0.630	8049
59766.997662	8464967480.412	   0.369	8049
59766.997778	8464967479.012	   0.347	8049
59766.997894	8464967474.112	   0.683	8049
59766.998009	8464967470.512	   0.630	8049
59766.998125	8464967467.512	   0.538	8049
59766.998241	8464967462.412	   0.699	8049
59766.998356	8464967459.012	   0.516	8049
59766.998472	8464967454.912	   0.686	8049
59766.998588	8464967451.912	   0.590	8049
59766.998704	8464967447.512	   0.747	8049
59766.998819	8464967443.712	   0.307	8049
59766.998935	8464967439.612	   0.541	8049
59766.999051	8464967435.512	   0.618	8049
59766.999167	8464967431.412	   0.381	8049
59766.999282	8464967427.512	   0.337	8049
59766.999398	8464967424.612	   0.664	8049
59766.999514	8464967420.912	   0.527	8049
59766.999630	8464967418.212	   0.316	8049
59766.999745	8464967413.112	   0.388	8049
59766.999861	8464967409.412	   0.914	8049
59766.999977	8464967406.112	   0.405	8049
59767.000093	8464967400.712	   0.603	8049
59767.000208	8464967397.812	   1.553	8049
59767.000324	8464967393.612	   0.467	8049
59767.000440	8464967390.012	   0.367	8049
59767.000556	8464967385.512	   0.688	8049
59767.000671	8464967382.412	   0.385	8049
59767.000787	8464967378.812	   0.457	8049
59767.000903	8464967374.612	   0.661	8049
59767.001019	8464967369.712	   0.594	8049
59767.001134	8464967366.212	   0.730	8049
59767.001250	8464967362.412	   0.641	8049
59767.001366	8464967358.812	   0.521	8049
59767.001481	8464967355.212	   0.616	8049
59767.001597	8464967351.212	   0.556	8049
59767.001713	8464967347.412	   0.913	8049
59767.001829	8464967343.212	   0.845	8049
59767.001944	8464967338.512	   0.552	8049
59767.002060	8464967335.012	   0.520	8049
59767.002176	8464967330.812	   0.524	8049
59767.002292	8464967327.812	   0.406	8049
59767.002407	8464967322.912	   0.495	8049
59767.002523	8464967321.012	   0.512	8049
59767.002639	8464967316.512	   0.626	8049
59767.002755	8464967311.912	   0.509	8049
59767.002870	8464967308.012	   0.695	8049
59767.002986	8464967304.312	   0.489	8049
59767.003102	8464967299.912	   0.889	8049
59767.003218	8464967296.111	   0.841	8049
59767.003333	8464967293.211	   0.572	8049
59767.003449	8464967289.011	   0.378	8049
59767.003565	8464967284.511	   0.590	8049
59767.003681	8464967280.311	   0.295	8049
59767.003796	8464967276.811	   0.280	8049
59767.003912	8464967273.211	   0.720	8049
59767.004028	8464967270.011	   0.486	8049
59767.004144	8464967266.011	   0.777	8049
59767.004259	8464967262.311	   0.419	8049
59767.004375	8464967258.511	   0.485	8049
59767.004491	8464967254.511	   0.582	8049
59767.004606	8464967251.811	   0.399	8049
59767.004722	8464967246.811	   0.705	8049
59767.004838	8464967243.611	   0.732	8049
59767.004954	8464967239.411	   0.357	8049
59767.005069	8464967236.511	   0.749	8049
59767.005185	8464967231.511	   0.396	8049
59767.005301	8464967228.711	   0.863	8049
59767.005417	8464967226.011	   0.324	8049
59767.005532	8464967220.911	   0.429	8049
59767.005648	8464967218.011	   0.406	8049
59767.005764	8464967214.011	   0.527	8049
59767.005880	8464967209.311	   0.345	8049
59767.005995	8464967206.911	   0.429	8049
59767.006111	8464967201.811	   0.424	8049
59767.006227	8464967200.211	   0.753	8049
59767.006343	8464967194.511	   0.351	8049
59767.006458	8464967191.611	   0.514	8049
59767.006574	8464967187.811	   0.364	8049
59767.006690	8464967185.511	   0.902	8049
59767.006806	8464967182.111	   0.488	8049
59767.006921	8464967178.111	   1.671	8049
59767.007037	8464967174.411	   0.424	8049
59767.007153	8464967170.311	   0.602	8049
59767.007269	8464967167.911	   0.521	8049
59767.007384	8464967163.711	   0.375	8049
59767.007500	8464967159.811	   1.054	8049
59767.007616	8464967156.411	   0.850	8049
59767.007731	8464967153.811	   0.454	8049
59767.007847	8464967148.711	   0.500	8049
59767.007963	8464967146.011	   0.654	8049
59767.008079	8464967142.111	   0.872	8049
59767.008194	8464967138.511	   0.872	8049
59767.008310	8464967134.111	   0.348	8049
59767.008426	8464967130.411	   0.626	8049
59767.008542	8464967127.111	   0.500	8049
59767.008657	8464967123.011	   0.611	8049
59767.008773	8464967119.111	   0.749	8049
59767.008889	8464967114.611	   0.323	8049
59767.009005	8464967111.111	   0.768	8049
59767.009120	8464967107.711	   0.380	8049
59767.009236	8464967104.611	   0.405	8049
59767.009352	8464967100.211	   0.838	8049
59767.009468	8464967096.610	   0.408	8049
59767.009583	8464967092.110	   0.571	8049
59767.009699	8464967090.110	   0.532	8049
59767.009815	8464967085.810	   0.768	8049
59767.009931	8464967081.210	   0.395	8049
59767.010046	8464967077.510	   0.331	8049
59767.010162	8464967074.410	   0.904	8049
59767.010278	8464967070.410	   0.587	8049
59767.010394	8464967066.810	   0.855	8049
59767.010509	8464967062.610	   0.500	8049
59767.010625	8464967060.310	   0.843	8049
59767.010741	8464967055.710	   0.529	8049
59767.010856	8464967052.010	   0.607	8049
59767.010972	8464967049.310	   0.349	8049
59767.011088	8464967045.910	   0.697	8049
59767.011204	8464967042.810	   0.485	8049
59767.011319	8464967037.010	   0.706	8049
59767.011435	8464967034.010	   0.454	8049
59767.011551	8464967030.410	   0.835	8049
59767.011667	8464967026.910	   0.868	8049
59767.011782	8464967024.610	   0.438	8049
59767.011898	8464967019.910	   0.869	8049
59767.012014	8464967017.610	   0.508	8049
59767.012130	8464967012.910	   0.691	8049
59767.012245	8464967009.810	   0.563	8049
59767.012361	8464967005.710	   0.621	8049
59767.012477	8464967000.810	   0.276	8049
59767.012593	8464966999.510	   0.854	8049
59767.012708	8464966995.510	   0.635	8049
59767.012824	8464966992.010	   0.881	8049
59767.012940	8464966988.310	   0.480	8049
59767.013056	8464966984.610	   0.634	8049
59767.013171	8464966980.510	   0.423	8049
59767.013287	8464966977.910	   0.352	8049
59767.013403	8464966973.610	   0.553	8049
59767.013519	8464966970.610	   0.502	8049
59767.013634	8464966967.510	   0.876	8049
59767.013750	8464966965.210	   0.411	8049
59767.013866	8464966961.110	   0.446	8049
59767.013981	8464966958.110	   0.348	8049
59767.014097	8464966953.110	   0.858	8049
59767.014213	8464966950.210	   1.042	8049
59767.014329	8464966947.810	   0.419	8049
59767.014444	8464966944.010	   0.540	8049
59767.014560	8464966940.710	   0.455	8049
59767.014676	8464966937.610	   0.491	8049
59767.014792	8464966934.910	   0.409	8049
59767.014907	8464966929.310	   0.516	8049
59767.015023	8464966926.410	   0.596	8049
59767.015139	8464966924.010	   0.913	8049
59767.015255	8464966919.510	   0.393	8049
59767.015370	8464966916.810	   0.702	8049
59767.015486	8464966912.310	   0.524	8049
59767.015602	8464966908.510	   1.050	8049
59767.015718	8464966907.010	   0.560	8049
59767.015833	8464966901.910	   0.328	8049
59767.015949	8464966898.509	   0.414	8049
59767.016065	8464966895.209	   0.503	8049
59767.016181	8464966891.309	   0.673	8049
59767.016296	8464966889.009	   0.797	8049
59767.016412	8464966883.609	   0.508	8049
59767.016528	8464966881.209	   0.484	8049
59767.016644	8464966877.709	   0.541	8049
59767.016759	8464966873.409	   0.420	8049
59767.016875	8464966870.909	   0.572	8049
59767.016991	8464966866.909	   0.610	8049
59767.017106	8464966862.909	   0.638	8049
59767.017222	8464966859.209	   0.608	8049
59767.017338	8464966855.909	   0.796	8049
59767.017454	8464966853.109	   0.500	8049
59767.017569	8464966848.809	   0.568	8049
59767.017685	8464966845.809	   0.744	8049
59767.017801	8464966842.009	   0.923	8049
59767.017917	8464966838.209	   0.574	8049
59767.018032	8464966835.909	   0.446	8049
59767.018148	8464966832.709	   0.356	8049
59767.018264	8464966829.109	   0.849	8049
59767.018380	8464966825.409	   0.551	8049
59767.018495	8464966821.609	   0.622	8049
59767.018611	8464966817.509	   0.665	8049
59767.018727	8464966815.309	   0.524	8049
59767.018843	8464966812.109	   0.419	8049
59767.018958	8464966808.609	   0.481	8049
59767.019074	8464966803.909	   0.511	8049
59767.019190	8464966801.609	   0.658	8049
59767.019306	8464966798.909	   0.595	8049
59767.019421	8464966794.709	   0.511	8049
59767.019537	8464966791.209	   0.589	8049
59767.019653	8464966788.609	   0.664	8049
59767.019769	8464966784.609	   0.463	8049
59767.019884	8464966780.509	   0.409	8049
59767.020000	8464966778.509	   0.613	8049
59767.020116	8464966774.909	   0.870	8049
59767.020231	8464966771.809	   0.440	8049
59767.020347	8464966768.809	   0.631	8049
59767.020463	8464966765.509	   0.711	8049
59767.020579	8464966762.109	   0.509	8049
59767.020694	8464966758.509	   0.639	8049
59767.020810	8464966754.809	   0.788	8049
59767.020926	8464966752.309	   1.475	8049
59767.021042	8464966747.809	   1.115	8049
59767.021157	8464966745.209	   0.718	8049
59767.021273	8464966741.809	   0.733	8049
59767.021389	8464966738.009	   0.442	8049
59767.021505	8464966735.409	   0.903	8049
59767.021620	8464966732.209	   0.629	8049
59767.021736	8464966728.409	   0.592	8049
59767.021852	8464966725.109	   0.800	8049
59767.021968	8464966722.709	   0.367	8049
59767.022083	8464966719.709	   1.801	8049
59767.022199	8464966717.509	   0.840	8049
59767.022315	8464966712.309	   0.427	8049
59767.022431	8464966709.809	   0.872	8049
59767.022546	8464966706.709	   0.720	8049
59767.022662	8464966704.209	   0.591	8049
59767.022778	8464966700.109	   0.348	8049
59767.022894	8464966698.108	   0.659	8049
59767.023009	8464966694.208	   0.349	8049
59767.023125	8464966690.608	   0.457	8049
59767.023241	8464966687.308	   0.657	8049
59767.023356	8464966683.308	   0.468	8049
59767.023472	8464966679.808	   0.616	8049
59767.023588	8464966676.208	   0.656	8049
59767.023704	8464966673.508	   0.434	8049
59767.023819	8464966670.208	   0.297	8049
59767.023935	8464966666.408	   0.281	8049
59767.024051	8464966664.808	   0.299	8049
59767.024167	8464966660.008	   0.283	8049
59767.024282	8464966656.708	   0.248	8049
59767.024398	8464966654.308	   0.283	8049
59767.024514	8464966651.608	   0.312	8049
59767.024630	8464966647.808	   0.210	8049
59767.024745	8464966643.108	   0.579	8049
59767.024861	8464966640.008	   0.267	8049
59767.024977	8464966636.708	   0.297	8049
59767.025093	8464966633.008	   0.206	8049
59767.025208	8464966630.808	   0.624	8049
59767.025324	8464966627.808	   0.274	8049
59767.025440	8464966623.808	   0.438	8049
59767.025556	8464966621.108	   0.312	8049
59767.025671	8464966617.708	   0.216	8049
59767.025787	8464966615.008	   0.330	8049
59767.025903	8464966612.008	   0.195	8049
59767.026019	8464966608.608	   0.182	8049
59767.026250	8464966601.508	   0.321	8049
59767.026366	8464966599.208	   0.219	8049
59767.026481	8464966595.608	   0.349	8049
59767.026597	8464966592.408	   0.402	8049
59767.026713	8464966588.808	   0.657	8049
59767.027060	8464966579.908	   0.222	8049
59767.027176	8464966577.008	   0.256	8049
59767.027292	8464966574.108	   0.370	8049
59767.027407	8464966571.308	   0.194	8049
59767.027523	8464966567.408	   0.328	8049
59767.027639	8464966564.208	   0.323	8049
59767.027755	8464966561.308	   0.295	8049
59767.027870	8464966557.708	   0.314	8049
59767.028102	8464966551.908	   0.601	8049
59767.028218	8464966549.008	   0.402	8049
59767.028333	8464966545.308	   0.251	8049
59767.028449	8464966542.508	   0.255	8049
59767.028565	8464966540.208	   0.294	8049
59767.028681	8464966537.008	   0.317	8049
59767.029028	8464966527.908	   0.302	8049
59767.029144	8464966524.108	   0.290	8049
59767.029375	8464966518.608	   0.285	8049
59767.029606	8464966513.108	   0.198	8049
59767.029722	8464966510.108	   0.313	8049
59767.030069	8464966501.708	   0.204	8049
59767.040255	8464966242.706	   0.359	8049
59767.040602	8464966236.206	   0.249	8049
59767.040949	8464966227.506	   0.273	8049
59767.041065	8464966224.206	   0.240	8049
59767.042454	8464966192.106	   0.221	8049
59767.044537	8464966146.106	   0.265	8049
59767.047431	8464966079.405	   0.274	8049
59767.047894	8464966070.305	   0.267	8049
59767.048009	8464966067.705	   0.305	8049
59767.048472	8464966058.205	   0.246	8049
59767.049977	8464966027.605	   0.238	8049
