59769.757118	8464987994.274	   0.159	8049
59769.757234	8464987989.174	   0.290	8049
59769.757349	8464987986.474	   0.173	8049
59769.757465	8464987981.274	   0.155	8049
59769.757581	8464987977.974	   0.227	8049
59769.757697	8464987974.574	   0.217	8049
59769.757812	8464987970.174	   0.246	8049
59769.758160	8464987959.174	   0.201	8049
59769.758275	8464987954.374	   0.188	8049
59769.758391	8464987951.674	   0.159	8049
59769.758507	8464987947.274	   0.161	8049
59769.758623	8464987941.974	   0.113	8049
59769.758854	8464987934.874	   0.169	8049
59769.759086	8464987927.074	   0.181	8049
59769.759201	8464987924.174	   0.266	8049
59769.759317	8464987919.274	   0.265	8049
59769.759433	8464987915.874	   0.352	8049
59769.759549	8464987912.074	   0.245	8049
59769.759664	8464987907.974	   0.203	8049
59769.759780	8464987902.774	   0.243	8049
59769.759896	8464987899.874	   0.235	8049
59769.760012	8464987896.774	   0.230	8049
59769.760127	8464987892.174	   0.350	8049
59769.760243	8464987888.474	   0.341	8049
59769.760359	8464987883.274	   0.158	8049
59769.760475	8464987880.074	   0.145	8049
59769.760590	8464987877.874	   0.145	8049
59769.760822	8464987870.273	   0.243	8049
59769.760938	8464987865.673	   0.285	8049
59769.761053	8464987860.273	   0.236	8049
59769.761169	8464987856.673	   0.270	8049
59769.761285	8464987853.873	   0.302	8049
59769.761400	8464987849.373	   0.456	8049
59769.761516	8464987845.073	   0.156	8049
59769.761632	8464987842.273	   0.204	8049
59769.761748	8464987838.573	   0.272	8049
59769.761863	8464987834.273	   0.358	8049
59769.761979	8464987830.473	   0.300	8049
59769.762095	8464987825.673	   0.381	8049
59769.762211	8464987823.473	   0.174	8049
59769.762326	8464987818.773	   0.312	8049
59769.762442	8464987814.973	   0.268	8049
59769.762558	8464987812.273	   0.152	8049
59769.762674	8464987807.473	   0.410	8049
59769.762789	8464987803.873	   0.139	8049
59769.762905	8464987797.773	   0.211	8049
59769.763021	8464987793.373	   0.221	8049
59769.763137	8464987790.873	   0.264	8049
59769.763252	8464987787.073	   0.391	8049
59769.763368	8464987782.173	   0.231	8049
59769.763484	8464987778.873	   0.208	8049
59769.763600	8464987774.273	   0.179	8049
59769.763715	8464987770.173	   0.244	8049
59769.763831	8464987766.773	   0.261	8049
59769.763947	8464987761.673	   0.432	8049
59769.764062	8464987757.273	   0.327	8049
59769.764178	8464987753.073	   0.289	8049
59769.764294	8464987748.073	   0.197	8049
59769.764410	8464987743.773	   0.243	8049
59769.764525	8464987740.873	   0.311	8049
59769.764641	8464987736.073	   0.224	8049
59769.764757	8464987732.873	   0.386	8049
59769.764873	8464987728.173	   0.426	8049
59769.764988	8464987722.873	   0.390	8049
59769.765104	8464987719.373	   0.494	8049
59769.765220	8464987717.173	   0.209	8049
59769.765336	8464987711.973	   0.285	8049
59769.765451	8464987707.973	   0.274	8049
59769.765567	8464987703.973	   0.215	8049
59769.765683	8464987699.873	   0.248	8049
59769.765799	8464987695.973	   0.240	8049
59769.765914	8464987691.473	   0.265	8049
59769.766030	8464987687.573	   0.216	8049
59769.766146	8464987682.473	   0.217	8049
59769.766262	8464987678.873	   0.218	8049
59769.766377	8464987675.673	   0.190	8049
59769.766493	8464987670.573	   0.182	8049
59769.766609	8464987666.173	   0.226	8049
59769.766725	8464987662.473	   0.204	8049
59769.766840	8464987658.173	   0.223	8049
59769.766956	8464987655.773	   0.201	8049
59769.767072	8464987649.473	   0.281	8049
59769.767188	8464987647.273	   0.135	8049
59769.767303	8464987641.673	   0.218	8049
59769.767419	8464987638.473	   0.486	8049
59769.767535	8464987633.973	   0.171	8049
59769.767650	8464987630.173	   0.237	8049
59769.767766	8464987626.173	   0.312	8049
59769.767882	8464987622.072	   0.410	8049
59769.767998	8464987617.872	   0.164	8049
59769.768113	8464987613.672	   0.199	8049
59769.768229	8464987610.072	   0.287	8049
59769.768345	8464987605.072	   0.303	8049
59769.768461	8464987602.372	   0.104	8049
59769.768576	8464987598.772	   0.181	8049
59769.768692	8464987594.572	   0.215	8049
59769.768808	8464987588.872	   0.348	8049
59769.768924	8464987585.772	   0.213	8049
59769.769039	8464987581.372	   0.191	8049
59769.769155	8464987577.272	   0.183	8049
59769.769271	8464987573.072	   0.158	8049
59769.769387	8464987569.672	   0.195	8049
59769.769502	8464987565.972	   0.183	8049
59769.769618	8464987561.672	   0.177	8049
59769.769734	8464987557.372	   0.343	8049
59769.769850	8464987552.972	   0.217	8049
59769.769965	8464987548.372	   0.294	8049
59769.770081	8464987544.072	   0.238	8049
59769.770197	8464987540.072	   0.270	8049
59769.770313	8464987535.172	   0.233	8049
59769.770428	8464987529.772	   0.358	8049
59769.770544	8464987526.072	   0.261	8049
59769.770660	8464987522.572	   0.232	8049
59769.770775	8464987516.972	   0.311	8049
59769.770891	8464987513.572	   0.259	8049
59769.771007	8464987509.772	   0.188	8049
59769.771123	8464987504.872	   0.425	8049
59769.771238	8464987499.472	   0.221	8049
59769.771354	8464987495.172	   0.223	8049
59769.771470	8464987491.472	   0.220	8049
59769.771586	8464987487.472	   0.425	8049
59769.771701	8464987483.672	   0.238	8049
59769.771817	8464987480.072	   0.321	8049
59769.771933	8464987474.672	   0.249	8049
59769.772049	8464987469.972	   0.196	8049
59769.772164	8464987466.272	   0.468	8049
59769.772280	8464987461.772	   0.393	8049
59769.772396	8464987456.872	   0.267	8049
59769.772512	8464987452.772	   0.403	8049
59769.772627	8464987448.172	   0.183	8049
59769.772743	8464987444.272	   0.195	8049
59769.772859	8464987440.872	   0.169	8049
59769.772975	8464987435.472	   0.205	8049
59769.773090	8464987431.272	   0.224	8049
59769.773206	8464987426.672	   0.189	8049
59769.773322	8464987422.872	   0.209	8049
59769.773437	8464987417.672	   0.274	8049
59769.773553	8464987414.872	   0.286	8049
59769.773669	8464987409.072	   0.140	8049
59769.773785	8464987406.872	   0.220	8049
59769.773900	8464987401.672	   0.229	8049
59769.774016	8464987398.172	   0.284	8049
59769.774132	8464987393.772	   0.158	8049
59769.774248	8464987388.672	   0.321	8049
59769.774363	8464987384.372	   0.198	8049
59769.774479	8464987379.572	   0.235	8049
59769.774595	8464987375.872	   0.593	8049
59769.774711	8464987371.871	   0.231	8049
59769.774826	8464987368.371	   0.167	8049
59769.774942	8464987363.271	   0.396	8049
59769.775058	8464987359.771	   0.239	8049
59769.775174	8464987353.971	   0.319	8049
59769.775289	8464987350.671	   0.186	8049
59769.775405	8464987346.771	   0.156	8049
59769.775521	8464987341.371	   0.165	8049
59769.775637	8464987337.471	   0.223	8049
59769.775752	8464987333.971	   0.172	8049
59769.775868	8464987329.471	   0.184	8049
59769.775984	8464987324.971	   0.504	8049
59769.776100	8464987320.571	   0.190	8049
59769.776215	8464987316.771	   0.143	8049
59769.776331	8464987312.771	   0.297	8049
59769.776447	8464987307.371	   0.184	8049
59769.776563	8464987303.671	   0.163	8049
59769.776678	8464987299.771	   0.249	8049
59769.776794	8464987294.171	   0.158	8049
59769.776910	8464987290.871	   0.161	8049
59769.777025	8464987287.071	   0.212	8049
59769.777141	8464987281.571	   0.262	8049
59769.777257	8464987275.871	   0.183	8049
59769.777373	8464987271.971	   0.164	8049
59769.777488	8464987268.671	   0.199	8049
59769.777604	8464987263.871	   0.246	8049
59769.777720	8464987257.371	   0.101	8049
59769.777836	8464987254.471	   0.309	8049
59769.777951	8464987250.271	   0.405	8049
59769.778067	8464987246.871	   0.220	8049
59769.778183	8464987240.971	   0.277	8049
59769.778299	8464987237.071	   0.181	8049
59769.778414	8464987232.871	   0.290	8049
59769.778530	8464987227.371	   0.290	8049
59769.778646	8464987224.371	   0.181	8049
59769.778762	8464987218.571	   0.229	8049
59769.778877	8464987214.471	   0.221	8049
59769.778993	8464987209.171	   0.318	8049
59769.779109	8464987205.171	   0.450	8049
59769.779225	8464987201.371	   0.220	8049
59769.779340	8464987194.971	   0.177	8049
59769.779456	8464987191.371	   0.254	8049
59769.779572	8464987186.371	   0.145	8049
59769.779687	8464987183.471	   0.268	8049
59769.779803	8464987179.071	   0.300	8049
59769.779919	8464987173.571	   0.301	8049
59769.780035	8464987171.271	   0.121	8049
59769.780150	8464987165.671	   0.174	8049
59769.780266	8464987161.671	   0.378	8049
59769.780382	8464987155.771	   0.240	8049
59769.780498	8464987151.671	   0.312	8049
59769.780613	8464987147.871	   0.167	8049
59769.780729	8464987143.871	   0.133	8049
59769.780845	8464987139.671	   0.149	8049
59769.780961	8464987134.171	   0.349	8049
59769.781076	8464987129.371	   0.377	8049
59769.781192	8464987125.771	   0.262	8049
59769.781308	8464987121.470	   0.376	8049
59769.781424	8464987116.870	   0.230	8049
59769.781539	8464987112.770	   0.218	8049
59769.781655	8464987107.470	   0.192	8049
59769.781771	8464987102.570	   0.207	8049
59769.781887	8464987097.970	   0.471	8049
59769.782002	8464987094.370	   0.196	8049
59769.782118	8464987089.870	   0.358	8049
59769.782234	8464987085.570	   0.137	8049
59769.782350	8464987080.970	   0.299	8049
59769.782465	8464987076.370	   0.291	8049
59769.782581	8464987072.070	   0.288	8049
59769.782697	8464987067.670	   0.236	8049
59769.782813	8464987062.770	   0.340	8049
59769.782928	8464987058.370	   0.285	8049
59769.783044	8464987054.070	   0.317	8049
59769.783160	8464987049.570	   0.180	8049
59769.783275	8464987045.970	   0.236	8049
59769.783391	8464987041.570	   0.198	8049
59769.783507	8464987036.270	   0.346	8049
59769.783623	8464987031.770	   0.376	8049
59769.783738	8464987028.970	   0.256	8049
59769.783854	8464987023.770	   0.289	8049
59769.783970	8464987018.570	   0.144	8049
59769.784086	8464987012.870	   0.259	8049
59769.784201	8464987008.370	   0.444	8049
59769.784317	8464987004.270	   0.202	8049
59769.784433	8464986999.770	   0.247	8049
59769.784549	8464986994.870	   0.206	8049
59769.784664	8464986989.670	   0.198	8049
59769.784780	8464986985.570	   0.242	8049
59769.784896	8464986981.670	   0.155	8049
59769.785012	8464986976.570	   0.319	8049
59769.785127	8464986972.470	   0.140	8049
59769.785243	8464986966.770	   0.277	8049
59769.785359	8464986963.170	   0.487	8049
59769.785475	8464986957.870	   0.290	8049
59769.785590	8464986954.370	   0.256	8049
59769.785706	8464986948.770	   0.204	8049
59769.785822	8464986944.170	   0.213	8049
59769.785938	8464986938.770	   0.164	8049
59769.786053	8464986935.170	   0.289	8049
59769.786169	8464986930.370	   0.277	8049
59769.786285	8464986925.670	   0.527	8049
59769.786400	8464986921.070	   0.139	8049
59769.786516	8464986915.270	   0.145	8049
59769.786632	8464986912.470	   0.180	8049
59769.786748	8464986906.470	   0.216	8049
59769.786863	8464986901.970	   0.201	8049
59769.786979	8464986897.870	   0.215	8049
59769.787095	8464986893.870	   0.163	8049
59769.787211	8464986888.870	   0.220	8049
59769.787326	8464986883.370	   0.400	8049
59769.787442	8464986877.270	   0.147	8049
59769.787558	8464986873.869	   0.141	8049
59769.787674	8464986869.369	   0.262	8049
59769.787789	8464986865.169	   0.225	8049
59769.787905	8464986861.769	   0.216	8049
59769.788021	8464986856.769	   0.262	8049
59769.788137	8464986851.969	   0.212	8049
59769.788252	8464986845.869	   0.207	8049
59769.788368	8464986840.869	   0.128	8049
59769.788484	8464986836.269	   0.140	8049
59769.788600	8464986832.169	   0.142	8049
59769.788715	8464986827.769	   0.208	8049
59769.788831	8464986822.569	   0.313	8049
59769.788947	8464986819.069	   0.328	8049
59769.789062	8464986815.569	   0.112	8049
59769.789178	8464986809.669	   0.155	8049
59769.789294	8464986805.569	   0.254	8049
59769.789410	8464986800.169	   0.132	8049
59769.789525	8464986795.869	   0.148	8049
59769.789641	8464986791.669	   0.285	8049
59769.789757	8464986787.569	   0.166	8049
59769.789873	8464986781.369	   0.190	8049
59769.789988	8464986779.669	   0.167	8049
59769.790104	8464986772.069	   0.225	8049
59769.790220	8464986767.569	   0.317	8049
59769.790336	8464986764.469	   0.491	8049
59769.790451	8464986759.969	   0.198	8049
59769.790567	8464986755.169	   0.238	8049
59769.790683	8464986750.269	   0.301	8049
59769.790799	8464986746.869	   0.241	8049
59769.790914	8464986741.469	   0.178	8049
59769.791030	8464986737.469	   0.167	8049
59769.791146	8464986731.669	   0.247	8049
59769.791262	8464986726.069	   0.164	8049
59769.791377	8464986721.969	   0.253	8049
59769.791493	8464986716.869	   0.237	8049
59769.791609	8464986713.069	   0.283	8049
59769.791725	8464986706.969	   0.177	8049
59769.791840	8464986702.669	   0.233	8049
59769.791956	8464986697.969	   0.218	8049
59769.792072	8464986692.469	   0.326	8049
59769.792188	8464986685.869	   0.234	8049
59769.792303	8464986681.269	   0.176	8049
59769.792419	8464986678.469	   0.175	8049
59769.792535	8464986673.569	   0.215	8049
59769.792650	8464986666.269	   0.166	8049
59769.792766	8464986662.469	   0.179	8049
59769.792882	8464986658.569	   0.207	8049
59769.792998	8464986654.269	   0.283	8049
59769.793113	8464986648.769	   0.444	8049
59769.793229	8464986643.869	   0.232	8049
59769.793345	8464986640.169	   0.181	8049
59769.793461	8464986634.369	   0.193	8049
59769.793576	8464986629.569	   0.253	8049
59769.793692	8464986625.969	   0.202	8049
59769.793808	8464986619.668	   0.163	8049
59769.793924	8464986615.468	   0.259	8049
59769.794039	8464986610.968	   0.481	8049
59769.794155	8464986606.268	   0.175	8049
59769.794271	8464986600.768	   0.200	8049
59769.794387	8464986596.968	   0.165	8049
59769.794502	8464986590.368	   0.238	8049
59769.794618	8464986586.768	   0.184	8049
59769.794734	8464986582.268	   0.165	8049
59769.794850	8464986576.868	   0.276	8049
59769.794965	8464986572.468	   0.379	8049
59769.795081	8464986568.368	   0.325	8049
59769.795197	8464986563.468	   0.646	8049
59769.795312	8464986558.268	   0.536	8049
59769.795428	8464986553.568	   0.232	8049
59769.795544	8464986548.968	   0.233	8049
59769.795660	8464986545.668	   0.239	8049
59769.795775	8464986539.768	   0.307	8049
59769.795891	8464986535.268	   0.167	8049
59769.796007	8464986529.068	   0.245	8049
59769.796123	8464986525.168	   0.207	8049
59769.796238	8464986521.368	   0.221	8049
59769.796354	8464986515.768	   0.210	8049
59769.796470	8464986511.468	   0.326	8049
59769.796586	8464986505.468	   0.203	8049
59769.796701	8464986501.368	   0.167	8049
59769.796817	8464986497.668	   0.262	8049
59769.796933	8464986490.968	   0.289	8049
59769.797049	8464986486.768	   0.238	8049
59769.797164	8464986481.568	   0.298	8049
59769.797280	8464986478.168	   0.278	8049
59769.797396	8464986473.268	   0.356	8049
59769.797512	8464986468.168	   0.261	8049
59769.797627	8464986462.768	   0.153	8049
59769.797743	8464986458.668	   0.340	8049
59769.797859	8464986453.668	   0.507	8049
59769.797975	8464986448.568	   0.319	8049
59769.798090	8464986443.668	   0.302	8049
59769.798206	8464986439.568	   0.327	8049
59769.798322	8464986433.168	   0.286	8049
59769.798438	8464986428.568	   0.259	8049
59769.798553	8464986423.468	   0.186	8049
59769.798669	8464984755.761	   0.176	8049
59769.798785	8464984750.861	   0.252	8049
59769.798900	8464984744.961	   0.158	8049
59769.799016	8464984740.561	   0.311	8049
59769.799132	8464984734.661	   0.227	8049
59769.799248	8464984730.961	   0.213	8049
59769.799363	8464984725.061	   0.213	8049
59769.799479	8464984720.561	   0.330	8049
59769.799595	8464984715.661	   0.221	8049
59769.799711	8464984708.761	   0.261	8049
59769.799826	8464984704.661	   0.371	8049
59769.800521	8464984822.761	   0.203	8049
59769.800637	8464984812.361	   0.134	8049
59769.800752	8464984799.061	   0.226	8049
59769.800868	8464984789.961	   0.128	8049
59769.800984	8464984772.061	   0.154	8049
59769.801100	8464984762.961	   0.166	8049
59769.801215	8464984750.261	   0.129	8049
59769.801331	8464984739.561	   0.247	8049
59769.801447	8464984727.661	   0.272	8049
59769.801563	8464984715.561	   0.132	8049
59769.801678	8464984704.461	   0.123	8049
59769.801794	8464984693.361	   0.240	8049
59769.801910	8464984678.061	   0.175	8049
59769.802025	8464984667.861	   0.216	8049
59769.802141	8464984658.361	   0.186	8049
59769.802257	8464984642.761	   0.124	8049
59769.802373	8464984631.061	   0.159	8049
59769.802488	8464984620.160	   0.193	8049
59769.802604	8464984606.560	   0.145	8049
59769.802720	8464984598.260	   0.131	8049
59769.802836	8464984583.460	   0.141	8049
59769.802951	8464984572.160	   0.132	8049
59769.803067	8464984560.160	   0.176	8049
59769.803183	8464984545.760	   0.160	8049
59769.803299	8464984534.760	   0.135	8049
59769.803414	8464984523.760	   0.098	8049
59769.803646	8464984501.060	   0.147	8049
59769.803762	8464984488.860	   0.131	8049
59769.803877	8464984477.560	   0.180	8049
59769.803993	8464984464.160	   0.261	8049
59769.804109	8464984451.760	   0.170	8049
59769.804225	8464984440.760	   0.148	8049
59769.804340	8464984428.960	   0.111	8049
59769.804456	8464984416.960	   0.153	8049
59769.804572	8464984405.560	   0.136	8049
59769.804687	8464984396.260	   0.148	8049
59769.804803	8464984381.860	   0.201	8049
59769.804919	8464984369.159	   0.270	8049
59769.805035	8464984354.859	   0.135	8049
59769.805150	8464984344.559	   0.141	8049
59769.805266	8464984331.759	   0.140	8049
59769.805382	8464984322.859	   0.121	8049
59769.805498	8464984306.859	   0.174	8049
59769.805613	8464984297.059	   0.160	8049
59769.805729	8464984286.659	   0.180	8049
59769.805845	8464984274.559	   0.234	8049
59769.805961	8464984259.059	   0.152	8049
59769.806076	8464984248.159	   0.187	8049
59769.806192	8464984236.559	   0.179	8049
59769.806308	8464984224.459	   0.105	8049
59769.806424	8464984212.759	   0.184	8049
59769.806539	8464984200.459	   0.113	8049
59769.806655	8464984189.959	   0.188	8049
59769.806771	8464984175.959	   0.115	8049
59769.806887	8464984165.959	   0.152	8049
59769.807002	8464984152.759	   0.182	8049
59769.807118	8464984141.859	   0.180	8049
59769.807234	8464984128.259	   0.126	8049
59769.807350	8464984119.558	   0.108	8049
59769.807581	8464984093.958	   0.176	8049
59769.807697	8464984080.058	   0.151	8049
59769.807813	8464984070.858	   0.108	8049
59769.807928	8464984057.858	   0.188	8049
59769.808044	8464984045.358	   0.165	8049
59769.808160	8464984035.458	   0.104	8049
59769.808275	8464984021.758	   0.147	8049
59769.808391	8464984010.358	   0.122	8049
59769.808507	8464983998.358	   0.187	8049
59769.808623	8464983984.858	   0.116	8049
59769.808738	8464983973.558	   0.203	8049
59769.808854	8464983963.858	   0.174	8049
59769.808970	8464983950.058	   0.173	8049
59769.809086	8464983936.658	   0.172	8049
59769.809201	8464983924.558	   0.157	8049
59769.809317	8464983914.358	   0.142	8049
59769.809433	8464983904.058	   0.188	8049
59769.809549	8464983890.258	   0.168	8049
59769.809664	8464983879.658	   0.189	8049
59769.809780	8464983864.857	   0.171	8049
59769.809896	8464983855.157	   0.128	8049
59769.810012	8464983841.457	   0.099	8049
59769.810127	8464983831.057	   0.296	8049
59769.810243	8464983817.957	   0.251	8049
59769.810359	8464983806.857	   0.169	8049
59769.810590	8464983783.157	   0.340	8049
59769.810706	8464983771.957	   0.195	8049
59769.810822	8464983758.157	   0.210	8049
59769.810937	8464983746.857	   0.244	8049
59769.811053	8464983732.957	   0.115	8049
59769.811285	8464983709.557	   0.118	8049
59769.811400	8464983700.057	   0.096	8049
59769.811516	8464983686.657	   0.130	8049
59769.811632	8464983672.357	   0.127	8049
59769.811748	8464983659.957	   0.136	8049
59769.811863	8464983652.357	   0.167	8049
59769.811979	8464983637.857	   0.210	8049
59769.812095	8464983626.157	   0.115	8049
59769.812211	8464983613.056	   0.136	8049
59769.812326	8464983604.456	   0.149	8049
59769.812442	8464983590.556	   0.106	8049
59769.812558	8464983576.656	   0.150	8049
59769.812674	8464983567.856	   0.131	8049
59769.812789	8464983552.456	   0.139	8049
59769.812905	8464983544.156	   0.114	8049
59769.813021	8464983529.556	   0.140	8049
59769.813137	8464983518.456	   0.203	8049
59769.813252	8464983505.456	   0.101	8049
59769.813368	8464983494.056	   0.135	8049
59769.813484	8464983480.356	   0.151	8049
59769.813600	8464983470.556	   0.142	8049
59769.813715	8464983457.056	   0.211	8049
59769.813831	8464983446.156	   0.262	8049
59769.813947	8464983433.656	   0.198	8049
59769.814063	8464983419.756	   0.123	8049
59769.814178	8464983412.056	   0.211	8049
59769.814294	8464983399.456	   0.102	8049
59769.814410	8464983387.256	   0.158	8049
59769.814525	8464983374.755	   0.107	8049
59769.814641	8464983360.255	   0.134	8049
59769.814757	8464983347.655	   0.130	8049
59769.814873	8464983336.955	   0.165	8049
59769.814988	8464983325.855	   0.242	8049
59769.815104	8464983315.555	   0.146	8049
59769.815220	8464983302.455	   0.165	8049
59769.815336	8464983291.555	   0.160	8049
59769.815451	8464983279.955	   0.199	8049
59769.815567	8464983268.055	   0.158	8049
59769.815683	8464983254.855	   0.103	8049
59769.815799	8464983241.755	   0.103	8049
59769.815914	8464983229.655	   0.161	8049
59769.816030	8464983216.955	   0.147	8049
59769.816146	8464983205.255	   0.165	8049
59769.816262	8464983191.155	   0.137	8049
59769.816377	8464983179.455	   0.136	8049
59769.816493	8464983168.055	   0.177	8049
59769.816609	8464983158.355	   0.198	8049
59769.816725	8464983146.655	   0.104	8049
59769.816840	8464983131.955	   0.098	8049
59769.816956	8464983122.554	   0.120	8049
59769.817072	8464983109.854	   0.097	8049
59769.817188	8464983096.954	   0.148	8049
59769.817303	8464983084.754	   0.088	8049
59769.817419	8464983072.254	   0.184	8049
59769.817535	8464983060.054	   0.234	8049
59769.817650	8464983050.354	   0.137	8049
59769.817766	8464983035.354	   0.136	8049
59769.817882	8464983027.154	   0.132	8049
59769.817998	8464983012.154	   0.148	8049
59769.818113	8464983000.354	   0.109	8049
59769.818229	8464982987.654	   0.123	8049
59769.818345	8464982976.254	   0.173	8049
59769.818461	8464982963.154	   0.217	8049
59769.818576	8464982951.954	   0.331	8049
59769.818692	8464982940.254	   0.164	8049
59769.818808	8464982930.654	   0.193	8049
59769.818924	8464982916.254	   0.162	8049
59769.819039	8464982902.554	   0.155	8049
59769.819155	8464982891.454	   0.175	8049
59769.819271	8464982879.454	   0.156	8049
59769.819387	8464982867.453	   0.130	8049
59769.819502	8464982855.153	   0.195	8049
59769.819618	8464982844.153	   0.277	8049
59769.819734	8464982831.153	   0.189	8049
59769.819850	8464982819.453	   0.155	8049
59769.819965	8464982809.453	   0.169	8049
59769.820081	8464982797.053	   0.195	8049
59769.820197	8464982783.453	   0.138	8049
59769.820312	8464982771.653	   0.322	8049
59769.820428	8464982761.053	   0.186	8049
59769.820544	8464982748.753	   0.162	8049
59769.820660	8464982733.053	   0.178	8049
59769.820775	8464982723.553	   0.237	8049
59769.820891	8464982710.653	   0.219	8049
59769.821007	8464982696.653	   0.192	8049
59769.821123	8464982688.053	   0.185	8049
59769.821238	8464982677.953	   0.119	8049
59769.821354	8464982664.653	   0.107	8049
59769.821470	8464982652.253	   0.296	8049
59769.821586	8464982639.753	   0.106	8049
59769.821701	8464982626.553	   0.109	8049
59769.821817	8464982615.352	   0.159	8049
59769.821933	8464982603.252	   0.193	8049
59769.822049	8464982591.352	   0.124	8049
59769.822164	8464982578.752	   0.179	8049
59769.822280	8464982566.352	   0.190	8049
59769.822396	8464982553.252	   0.152	8049
59769.822512	8464982543.852	   0.179	8049
59769.822627	8464982530.652	   0.167	8049
59769.822743	8464982516.252	   0.183	8049
59769.822859	8464982506.852	   0.195	8049
59769.822975	8464982495.852	   0.170	8049
59769.823090	8464982483.152	   0.121	8049
59769.823206	8464982469.552	   0.133	8049
59769.823322	8464982457.852	   0.251	8049
59769.823438	8464982446.852	   0.153	8049
59769.823553	8464982433.352	   0.139	8049
59769.823669	8464982420.452	   0.250	8049
59769.823785	8464982409.852	   0.149	8049
59769.823900	8464982401.352	   0.106	8049
59769.824016	8464982388.152	   0.131	8049
59769.824132	8464982375.752	   0.314	8049
59769.824248	8464982362.151	   0.185	8049
59769.824363	8464982347.951	   0.177	8049
59769.824479	8464982336.651	   0.153	8049
59769.824595	8464982325.051	   0.168	8049
59769.824711	8464982312.851	   0.278	8049
59769.824826	8464982300.751	   0.188	8049
59769.824942	8464982291.651	   0.147	8049
59769.825058	8464982275.551	   0.142	8049
59769.825174	8464982264.251	   0.227	8049
59769.825289	8464982253.051	   0.208	8049
59769.825405	8464982237.751	   0.145	8049
59769.825521	8464982228.451	   0.214	8049
59769.825637	8464982216.451	   0.273	8049
59769.825752	8464982204.751	   0.157	8049
59769.825868	8464982193.551	   0.193	8049
59769.825984	8464982181.551	   0.163	8049
59769.826100	8464982169.151	   0.141	8049
59769.826215	8464982156.351	   0.140	8049
59769.826331	8464982145.151	   0.156	8049
59769.826447	8464982130.951	   0.252	8049
59769.826562	8464982119.250	   0.177	8049
59769.826678	8464982109.050	   0.194	8049
59769.826794	8464982095.850	   0.133	8049
59769.826910	8464982082.950	   0.120	8049
59769.827025	8464982071.450	   0.245	8049
59769.827141	8464982059.550	   0.112	8049
59769.827257	8464982049.650	   0.196	8049
59769.827373	8464982034.650	   0.125	8049
59769.827488	8464982024.150	   0.170	8049
59769.827604	8464982011.450	   0.189	8049
59769.827720	8464982000.550	   0.163	8049
59769.827836	8464981988.750	   0.176	8049
59769.827951	8464981978.250	   0.149	8049
59769.828067	8464981964.650	   0.131	8049
59769.828183	8464981951.750	   0.143	8049
59769.828299	8464981938.950	   0.298	8049
59769.828414	8464981926.850	   0.241	8049
59769.828530	8464981916.150	   0.154	8049
59769.828646	8464981903.950	   0.208	8049
59769.828762	8464981892.550	   0.190	8049
59769.828877	8464981880.050	   0.142	8049
59769.828993	8464981867.649	   0.202	8049
59769.829109	8464981855.449	   0.275	8049
59769.829225	8464981842.849	   0.256	8049
59769.829340	8464981831.849	   0.184	8049
59769.829456	8464981819.549	   0.157	8049
59769.829572	8464981807.049	   0.192	8049
59769.829688	8464981796.249	   0.154	8049
59769.829803	8464981784.349	   0.209	8049
59769.829919	8464981769.149	   0.162	8049
59769.830035	8464981756.649	   0.150	8049
59769.830150	8464981745.749	   0.146	8049
59769.830266	8464981733.849	   0.203	8049
59769.830382	8464981724.849	   0.154	8049
59769.830498	8464981712.049	   0.142	8049
59769.830613	8464981699.449	   0.118	8049
59769.830729	8464981686.249	   0.249	8049
59769.830845	8464981673.449	   0.189	8049
59769.830961	8464981664.449	   0.153	8049
59769.831076	8464981648.349	   0.140	8049
59769.831192	8464981637.949	   0.159	8049
59769.831308	8464981625.449	   0.165	8049
59769.831424	8464981613.448	   0.175	8049
59769.831539	8464981601.548	   0.139	8049
59769.831655	8464981590.648	   0.238	8049
59769.831771	8464981578.848	   0.259	8049
59769.831887	8464981566.248	   0.159	8049
59769.832002	8464981553.448	   0.210	8049
59769.832118	8464981540.548	   0.273	8049
59769.832234	8464981531.448	   0.192	8049
59769.832350	8464981517.348	   0.187	8049
59769.832465	8464981505.648	   0.305	8049
59769.832581	8464981494.048	   0.135	8049
59769.832697	8464981480.648	   0.246	8049
59769.832813	8464981467.048	   0.173	8049
59769.832928	8464981454.348	   0.312	8049
59769.833044	8464981445.748	   0.114	8049
59769.833160	8464981433.548	   0.145	8049
59769.833275	8464981420.548	   0.290	8049
59769.833391	8464981410.248	   0.153	8049
59769.833507	8464981396.648	   0.230	8049
59769.833623	8464981383.648	   0.139	8049
59769.833738	8464981376.148	   0.117	8049
59769.833854	8464981360.447	   0.147	8049
59769.833970	8464981347.447	   0.118	8049
59769.834086	8464981335.747	   0.265	8049
59769.834201	8464981325.847	   0.197	8049
59769.834317	8464981312.347	   0.148	8049
59769.834433	8464981298.747	   0.298	8049
59769.834549	8464981291.047	   0.142	8049
59769.834664	8464981277.847	   0.122	8049
59769.834780	8464981264.347	   0.202	8049
59769.834896	8464981253.147	   0.115	8049
59769.835012	8464981239.047	   0.166	8049
59769.835127	8464981229.147	   0.188	8049
59769.835243	8464981218.347	   0.139	8049
59769.835359	8464981206.147	   0.146	8049
59769.835475	8464981195.347	   0.175	8049
59769.835590	8464981181.847	   0.143	8049
59769.835706	8464981168.347	   0.237	8049
59769.835822	8464981156.147	   0.215	8049
59769.835937	8464981143.447	   0.116	8049
59769.836053	8464981133.447	   0.153	8049
59769.836169	8464981119.846	   0.163	8049
59769.836285	8464981109.346	   0.135	8049
59769.836400	8464981095.446	   0.228	8049
59769.836516	8464981084.946	   0.168	8049
59769.836632	8464981069.946	   0.140	8049
59769.836748	8464981058.046	   0.210	8049
59769.836863	8464981048.746	   0.253	8049
59769.836979	8464981033.546	   0.150	8049
59769.837095	8464981025.746	   0.148	8049
59769.837211	8464981015.346	   0.161	8049
59769.837326	8464980998.846	   0.131	8049
59769.837442	8464980988.146	   0.142	8049
59769.837558	8464980976.546	   0.191	8049
59769.837674	8464980964.546	   0.168	8049
59769.837789	8464980952.846	   0.135	8049
59769.837905	8464980941.746	   0.149	8049
59769.838021	8464980925.046	   0.104	8049
59769.838137	8464980914.746	   0.231	8049
59769.838252	8464980904.246	   0.156	8049
59769.838368	8464980891.746	   0.164	8049
59769.838484	8464980878.746	   0.216	8049
59769.838600	8464980867.945	   0.112	8049
59769.838715	8464980853.345	   0.135	8049
59769.838831	8464980842.045	   0.134	8049
59769.838947	8464980832.245	   0.177	8049
59769.839063	8464980817.845	   0.180	8049
59769.839178	8464980808.545	   0.228	8049
59769.839294	8464980792.445	   0.171	8049
59769.839410	8464980783.345	   0.142	8049
59769.839641	8464980758.545	   0.159	8049
59769.839757	8464980747.145	   0.225	8049
59769.839873	8464980736.745	   0.185	8049
59769.839988	8464980725.045	   0.158	8049
59769.840104	8464980709.845	   0.240	8049
59769.840220	8464980696.545	   0.201	8049
59769.840336	8464980685.945	   0.172	8049
59769.840451	8464980676.245	   0.154	8049
59769.840567	8464980665.045	   0.154	8049
59769.840683	8464980649.045	   0.234	8049
59769.840799	8464980640.945	   0.184	8049
59769.840914	8464980625.344	   0.147	8049
59769.841030	8464980615.344	   0.140	8049
59769.841146	8464980602.344	   0.151	8049
59769.841262	8464980590.544	   0.173	8049
59769.841377	8464980580.244	   0.132	8049
59769.841493	8464980568.544	   0.315	8049
59769.841609	8464980554.244	   0.168	8049
59769.841725	8464980546.244	   0.141	8049
59769.841840	8464980530.644	   0.119	8049
59769.841956	8464980516.044	   0.198	8049
59769.842072	8464980506.644	   0.205	8049
59769.842187	8464980493.544	   0.143	8049
59769.842303	8464980481.644	   0.160	8049
59769.842419	8464980471.644	   0.204	8049
59769.842535	8464980457.244	   0.220	8049
59769.842650	8464980444.844	   0.177	8049
59769.842766	8464980434.644	   0.149	8049
59769.842882	8464980424.244	   0.216	8049
59769.842998	8464980408.644	   0.142	8049
59769.843113	8464980396.944	   0.166	8049
59769.843229	8464980388.544	   0.175	8049
59769.843345	8464980375.144	   0.170	8049
59769.843461	8464980361.143	   0.151	8049
59769.843576	8464980352.343	   0.150	8049
59769.843692	8464980338.743	   0.147	8049
59769.843808	8464980326.143	   0.207	8049
59769.843924	8464980312.943	   0.181	8049
59769.844039	8464980304.943	   0.191	8049
59769.844155	8464980290.143	   0.190	8049
59769.844271	8464980279.243	   0.265	8049
59769.844387	8464980266.943	   0.121	8049
59769.844502	8464980255.143	   0.338	8049
59769.844618	8464980243.043	   0.169	8049
59769.844734	8464980230.843	   0.165	8049
59769.844850	8464980218.543	   0.205	8049
59769.844965	8464980207.443	   0.171	8049
59769.845081	8464980197.143	   0.153	8049
59769.845197	8464980184.343	   0.134	8049
59769.845313	8464980169.743	   0.196	8049
59769.845428	8464980159.143	   0.152	8049
59769.845544	8464980148.943	   0.172	8049
59769.845660	8464980135.543	   0.164	8049
59769.845775	8464980122.742	   0.108	8049
59769.845891	8464980111.042	   0.208	8049
59769.846007	8464980098.242	   0.173	8049
59769.846123	8464980087.842	   0.212	8049
59769.846238	8464980076.342	   0.327	8049
59769.846354	8464980061.842	   0.134	8049
59769.846470	8464980051.342	   0.198	8049
59769.846586	8464980039.642	   0.219	8049
59769.846701	8464980027.442	   0.182	8049
59769.846817	8464980015.642	   0.163	8049
59769.846933	8464980004.142	   0.296	8049
59769.847049	8464979993.542	   0.164	8049
59769.847164	8464979979.642	   0.150	8049
59769.847280	8464979968.242	   0.180	8049
59769.847396	8464979955.242	   0.135	8049
59769.847512	8464979944.442	   0.247	8049
59769.847627	8464979932.942	   0.130	8049
59769.847743	8464979921.542	   0.198	8049
59769.847859	8464979910.542	   0.252	8049
59769.847975	8464979896.042	   0.133	8049
59769.848090	8464979884.142	   0.143	8049
59769.848206	8464979873.441	   0.201	8049
59769.848322	8464979858.541	   0.174	8049
59769.848438	8464979847.941	   0.094	8049
59769.848553	8464979834.841	   0.154	8049
59769.848669	8464979824.841	   0.146	8049
59769.848785	8464979812.041	   0.204	8049
59769.848900	8464979801.741	   0.146	8049
59769.849016	8464979787.441	   0.326	8049
59769.849132	8464979775.741	   0.189	8049
59769.849248	8464979764.241	   0.419	8049
59769.849363	8464979754.541	   0.118	8049
59769.849479	8464979740.641	   0.153	8049
59769.849595	8464979729.941	   0.126	8049
59769.849711	8464979716.441	   0.216	8049
59769.849826	8464979703.841	   0.102	8049
59769.849942	8464979693.341	   0.124	8049
59769.850058	8464979683.641	   0.119	8049
59769.850174	8464979672.041	   0.188	8049
59769.850289	8464979655.741	   0.110	8049
59769.850405	8464979644.341	   0.212	8049
59769.850521	8464979634.041	   0.187	8049
59769.850637	8464979622.740	   0.127	8049
59769.850752	8464979611.140	   0.218	8049
59769.850868	8464979597.640	   0.201	8049
59769.850984	8464979586.740	   0.274	8049
59769.851100	8464979574.640	   0.200	8049
59769.851215	8464979563.540	   0.185	8049
59769.851331	8464979551.040	   0.154	8049
59769.851447	8464979538.440	   0.178	8049
59769.851562	8464979525.140	   0.148	8049
59769.851678	8464979515.640	   0.215	8049
59769.851794	8464979503.140	   0.164	8049
59769.851910	8464979489.640	   0.125	8049
59769.852025	8464979477.940	   0.196	8049
59769.852141	8464979466.340	   0.289	8049
59769.852257	8464979453.440	   0.153	8049
59769.852373	8464979442.240	   0.158	8049
59769.852488	8464979431.040	   0.141	8049
59769.852604	8464979419.940	   0.131	8049
59769.852720	8464979407.940	   0.206	8049
59769.852836	8464979395.040	   0.196	8049
59769.852951	8464979385.840	   0.118	8049
59769.853067	8464979372.339	   0.189	8049
59769.853183	8464979360.639	   0.108	8049
59769.853299	8464979346.339	   0.132	8049
59769.853414	8464979338.139	   0.133	8049
59769.853530	8464979325.039	   0.147	8049
59769.853646	8464979312.639	   0.125	8049
59769.853762	8464979301.539	   0.134	8049
59769.853877	8464979287.639	   0.126	8049
59769.853993	8464979275.339	   0.130	8049
59769.854109	8464979266.839	   0.179	8049
59769.854225	8464979253.239	   0.216	8049
59769.854340	8464979242.939	   0.235	8049
59769.854456	8464979227.439	   0.166	8049
59769.854572	8464979216.939	   0.085	8049
59769.854688	8464979207.439	   0.123	8049
59769.854803	8464979195.139	   0.144	8049
59769.854919	8464979182.939	   0.132	8049
59769.855035	8464979172.139	   0.124	8049
59769.855150	8464979158.039	   0.114	8049
59769.855266	8464979148.439	   0.120	8049
59769.855382	8464979133.639	   0.107	8049
59769.855498	8464979120.838	   0.170	8049
59769.855613	8464979111.038	   0.248	8049
59769.855729	8464979099.138	   0.122	8049
59769.855845	8464979088.938	   0.171	8049
59769.855961	8464979075.038	   0.132	8049
59769.856076	8464979062.138	   0.121	8049
59769.856192	8464979052.438	   0.154	8049
59769.856308	8464979039.638	   0.205	8049
59769.856424	8464979027.638	   0.101	8049
59769.856539	8464979017.038	   0.085	8049
59769.856655	8464979006.138	   0.149	8049
59769.856771	8464978992.038	   0.197	8049
59769.856887	8464978982.338	   0.090	8049
59769.857002	8464978968.238	   0.106	8049
59769.857118	8464978957.438	   0.123	8049
59769.857234	8464978947.238	   0.105	8049
59769.857350	8464978933.238	   0.111	8049
59769.857465	8464978920.338	   0.140	8049
59769.857581	8464978910.738	   0.164	8049
59769.857697	8464978898.638	   0.101	8049
59769.857812	8464978887.538	   0.180	8049
59769.857928	8464978876.438	   0.265	8049
59769.858044	8464978863.437	   0.135	8049
59769.858160	8464978850.437	   0.115	8049
59769.858275	8464978840.437	   0.139	8049
59769.858391	8464978827.537	   0.118	8049
59769.858507	8464978813.537	   0.124	8049
59769.858623	8464978805.737	   0.136	8049
59769.858738	8464978791.637	   0.262	8049
59769.858854	8464978780.537	   0.136	8049
59769.858970	8464978767.837	   0.085	8049
59769.859086	8464978756.537	   0.227	8049
59769.859201	8464978745.037	   0.094	8049
59769.859317	8464978732.437	   0.130	8049
59769.859433	8464978723.437	   0.115	8049
59769.859549	8464978710.237	   0.123	8049
59769.859664	8464978697.537	   0.103	8049
59769.859780	8464978685.037	   0.152	8049
59769.859896	8464978673.337	   0.092	8049
59769.860012	8464978663.337	   0.111	8049
59769.860243	8464978639.637	   0.136	8049
59769.860359	8464978626.137	   0.098	8049
59769.860475	8464978616.336	   0.135	8049
59769.860590	8464978606.136	   0.119	8049
59769.860706	8464978594.036	   0.104	8049
59769.860822	8464978581.336	   0.233	8049
59769.860938	8464978567.336	   0.192	8049
59769.861053	8464978556.436	   0.103	8049
59769.861169	8464978543.836	   0.114	8049
59769.861285	8464978534.136	   0.150	8049
59769.861400	8464978522.536	   0.160	8049
59769.861516	8464978510.136	   0.125	8049
59769.861632	8464978498.636	   0.089	8049
59769.861748	8464978486.236	   0.151	8049
59769.861863	8464978474.336	   0.141	8049
59769.861979	8464978465.336	   0.123	8049
59769.862095	8464978451.236	   0.107	8049
59769.862211	8464978441.736	   0.086	8049
59769.862442	8464978414.936	   0.131	8049
59769.862558	8464978402.536	   0.142	8049
59769.862674	8464978393.236	   0.130	8049
59769.862905	8464978368.635	   0.095	8049
59769.863137	8464978347.035	   0.116	8049
59769.863368	8464978323.235	   0.106	8049
59769.863715	8464978363.535	   0.081	8049
59769.863947	8464978266.535	   0.090	8049
59769.864178	8464978239.835	   0.088	8049
59769.864988	8464978154.635	   0.103	8049
59769.865104	8464978147.435	   0.079	8049
59769.865683	8464978087.734	   0.085	8049
59769.922743	8464980381.244	   0.153	8049
59769.922859	8464980373.943	   0.180	8049
59769.922975	8464980367.443	   0.253	8049
59769.923090	8464980362.343	   0.134	8049
59769.923206	8464980355.543	   0.258	8049
59769.923322	8464980350.943	   0.172	8049
59769.923438	8464980345.643	   0.282	8049
59769.923553	8464980339.643	   0.187	8049
59769.923669	8464980334.243	   0.316	8049
59769.923785	8464980329.643	   0.131	8049
59769.923900	8464980322.043	   0.169	8049
59769.924016	8464980317.043	   0.236	8049
59769.924132	8464980311.543	   0.193	8049
59769.924248	8464980306.243	   0.242	8049
59769.924363	8464980300.443	   0.209	8049
59769.924479	8464980295.143	   0.224	8049
59769.924595	8464980288.943	   0.239	8049
59769.924711	8464980285.143	   0.177	8049
59769.924826	8464980277.743	   0.231	8049
59769.924942	8464980273.643	   0.255	8049
59769.925058	8464980266.843	   0.225	8049
59769.925174	8464980261.343	   0.143	8049
59769.925289	8464980255.143	   0.145	8049
59769.925405	8464980248.943	   0.172	8049
59769.925521	8464980245.543	   0.267	8049
59769.925637	8464980237.943	   0.213	8049
59769.925752	8464980233.243	   0.233	8049
59769.925868	8464980228.343	   0.338	8049
59769.925984	8464980223.943	   0.258	8049
59769.926100	8464980217.843	   0.226	8049
59769.926215	8464980212.543	   0.222	8049
59769.926331	8464980205.943	   0.146	8049
59769.926447	8464980199.643	   0.165	8049
59769.926563	8464980194.643	   0.135	8049
59769.926678	8464980189.043	   0.387	8049
59769.926794	8464980183.943	   0.187	8049
59769.926910	8464980177.443	   0.254	8049
59769.927025	8464980172.543	   0.313	8049
59769.927141	8464980167.143	   0.179	8049
59769.927257	8464980161.043	   0.191	8049
59769.927373	8464980155.843	   0.158	8049
59769.927604	8464980144.543	   0.103	8049
59769.927720	8464980139.843	   0.169	8049
59769.927836	8464980132.843	   0.171	8049
59769.927951	8464980127.743	   0.189	8049
59769.928067	8464980121.742	   0.174	8049
59769.928183	8464980115.542	   0.160	8049
59769.928414	8464980104.342	   0.189	8049
59769.928530	8464980098.842	   0.201	8049
59769.928646	8464980092.942	   0.265	8049
59769.928762	8464980086.442	   0.149	8049
59769.928877	8464980081.442	   0.096	8049
59769.928993	8464980076.742	   0.580	8049
59769.929109	8464980070.842	   0.153	8049
59769.929225	8464980064.442	   0.281	8049
59769.929340	8464980059.142	   0.143	8049
59769.929456	8464980052.642	   0.279	8049
59769.929572	8464980047.542	   0.114	8049
59769.929687	8464980043.142	   0.123	8049
59769.929803	8464980036.442	   0.312	8049
59769.929919	8464980031.342	   0.233	8049
59769.930035	8464980024.842	   0.303	8049
59769.930150	8464980018.842	   0.176	8049
59769.930266	8464980014.042	   0.314	8049
59769.930382	8464980007.142	   0.152	8049
59769.930498	8464980003.042	   0.136	8049
59769.930613	8464979996.842	   0.296	8049
59769.930729	8464979991.242	   0.368	8049
59769.930845	8464979985.542	   0.467	8049
59769.930961	8464979979.142	   0.115	8049
59769.931076	8464979975.042	   0.130	8049
59769.931192	8464979968.442	   0.184	8049
59769.931308	8464979963.942	   0.126	8049
59769.931424	8464979958.942	   0.137	8049
59769.931539	8464979953.042	   0.170	8049
59769.931655	8464979946.542	   0.251	8049
59769.931771	8464979941.242	   0.203	8049
59769.931887	8464979933.942	   0.179	8049
59769.932002	8464979930.042	   0.377	8049
59769.932118	8464979923.342	   0.086	8049
59769.932234	8464979918.142	   0.243	8049
59769.932350	8464979912.842	   0.187	8049
59769.932465	8464979907.042	   0.253	8049
59769.932581	8464979901.742	   0.533	8049
59769.932697	8464979897.442	   0.159	8049
59769.932813	8464979890.542	   0.183	8049
59769.932928	8464979885.542	   0.169	8049
59769.933044	8464979880.242	   0.216	8049
59769.933160	8464979874.842	   0.154	8049
59769.933275	8464979868.141	   0.215	8049
59769.933391	8464979864.041	   0.157	8049
59769.933507	8464979858.741	   0.249	8049
59769.933623	8464979852.341	   0.218	8049
59769.933738	8464979847.041	   0.208	8049
59769.933854	8464979841.141	   0.183	8049
59769.933970	8464979834.441	   0.175	8049
59769.934086	8464979829.941	   0.282	8049
59769.934201	8464979823.241	   0.181	8049
59769.934317	8464979819.141	   0.106	8049
59769.934433	8464979812.041	   0.135	8049
59769.934549	8464979806.441	   0.122	8049
59769.934664	8464979801.141	   0.212	8049
59769.934780	8464979796.341	   0.170	8049
59769.934896	8464979791.841	   0.251	8049
59769.935012	8464979785.341	   0.161	8049
59769.935127	8464979779.341	   0.261	8049
59769.935243	8464979773.741	   0.303	8049
59769.935359	8464979767.941	   0.136	8049
59769.935475	8464979762.941	   0.167	8049
59769.935590	8464979758.041	   0.170	8049
59769.935706	8464979753.041	   0.139	8049
59769.935822	8464979746.641	   0.262	8049
59769.935937	8464979740.841	   0.202	8049
59769.936053	8464979736.341	   0.219	8049
59769.936169	8464979731.241	   0.199	8049
59769.936285	8464979725.041	   0.261	8049
59769.936400	8464979719.641	   0.177	8049
59769.936516	8464979715.541	   0.143	8049
59769.936632	8464979708.841	   0.243	8049
59769.936748	8464979702.941	   0.156	8049
59769.936863	8464979698.441	   0.255	8049
59769.936979	8464979692.541	   0.247	8049
59769.937095	8464979687.641	   0.256	8049
59769.937211	8464979681.741	   0.187	8049
59769.937326	8464979675.541	   0.323	8049
59769.937442	8464979670.341	   0.316	8049
59769.937558	8464979665.241	   0.149	8049
59769.937674	8464979659.841	   0.377	8049
59769.937789	8464979654.341	   0.157	8049
59769.937905	8464979647.741	   0.141	8049
59769.938137	8464979637.541	   0.227	8049
59769.938252	8464979631.741	   0.240	8049
59769.938368	8464979628.241	   0.150	8049
59769.938484	8464979622.040	   0.377	8049
59769.938600	8464979615.040	   0.198	8049
59769.938715	8464979609.940	   0.117	8049
59769.938831	8464979605.440	   0.349	8049
59769.938947	8464979599.140	   0.525	8049
59769.939063	8464979594.440	   0.114	8049
59769.939178	8464979587.840	   0.173	8049
59769.939410	8464979578.140	   0.212	8049
59769.939525	8464979571.940	   0.214	8049
59769.939641	8464979565.140	   0.250	8049
59769.939757	8464979560.840	   0.203	8049
59769.939873	8464979554.340	   0.163	8049
59769.939988	8464979547.840	   0.146	8049
59769.940104	8464979543.440	   0.185	8049
59769.940220	8464979538.440	   0.166	8049
59769.940336	8464979531.940	   0.377	8049
59769.940451	8464979526.340	   0.303	8049
59769.940567	8464979522.840	   0.128	8049
59769.940683	8464979515.740	   0.320	8049
59769.940799	8464979511.140	   0.188	8049
59769.940914	8464979505.040	   0.234	8049
59769.941030	8464979499.140	   0.320	8049
59769.941146	8464979494.540	   0.144	8049
59769.941262	8464979488.840	   0.160	8049
59769.941377	8464979482.940	   0.261	8049
59769.941493	8464979476.940	   0.398	8049
59769.941609	8464979470.940	   0.275	8049
59769.941725	8464979465.440	   0.173	8049
59769.941840	8464979461.140	   0.342	8049
59769.941956	8464979455.240	   0.232	8049
59769.942072	8464979450.140	   0.171	8049
59769.942188	8464979443.340	   0.235	8049
59769.942303	8464979437.740	   0.264	8049
59769.942419	8464979432.640	   0.180	8049
59769.942535	8464979428.140	   0.258	8049
59769.942650	8464979421.940	   0.188	8049
59769.942766	8464979416.440	   0.172	8049
59769.942882	8464979411.440	   0.229	8049
59769.942998	8464979404.540	   0.271	8049
59769.943113	8464979401.340	   0.178	8049
59769.943229	8464979395.640	   0.171	8049
59769.943345	8464979389.840	   0.168	8049
59769.943461	8464979384.840	   0.200	8049
59769.943576	8464979380.540	   0.179	8049
59769.943692	8464979373.539	   0.201	8049
59769.943808	8464979366.339	   0.126	8049
59769.943924	8464979364.039	   0.114	8049
59769.944039	8464979357.839	   0.232	8049
59769.944155	8464979350.139	   0.206	8049
59769.944271	8464979346.939	   0.242	8049
59769.944387	8464979340.439	   0.184	8049
59769.944502	8464979334.739	   0.198	8049
59769.944618	8464979329.539	   0.173	8049
59769.944734	8464979324.539	   0.284	8049
59769.944850	8464979318.939	   0.205	8049
59769.944965	8464979313.839	   0.225	8049
59769.945081	8464979308.239	   0.205	8049
59769.945197	8464979301.839	   0.139	8049
59769.945312	8464979298.939	   0.244	8049
59769.945428	8464979293.039	   0.201	8049
59769.945544	8464979287.639	   0.195	8049
59769.945660	8464979282.939	   0.115	8049
59769.945775	8464979276.839	   0.202	8049
59769.945891	8464979271.639	   0.255	8049
59769.946007	8464979267.039	   0.124	8049
59769.946123	8464979260.039	   0.118	8049
59769.946238	8464979256.039	   0.212	8049
59769.946354	8464979251.239	   0.177	8049
59769.946470	8464979245.439	   0.183	8049
59769.946586	8464979240.339	   0.154	8049
59769.946701	8464979233.239	   0.192	8049
59769.946817	8464979228.939	   0.126	8049
59769.946933	8464979224.539	   0.123	8049
59769.947049	8464979217.739	   0.144	8049
59769.947164	8464979211.739	   0.111	8049
59769.947280	8464979207.039	   0.331	8049
59769.947396	8464979202.539	   0.161	8049
59769.947512	8464979197.139	   0.298	8049
59769.947627	8464979190.939	   0.148	8049
59769.947743	8464979185.839	   0.162	8049
59769.947859	8464979181.339	   0.337	8049
59769.947975	8464979175.439	   0.386	8049
59769.948090	8464979170.239	   0.159	8049
59769.948206	8464979163.739	   0.266	8049
59769.948322	8464979159.639	   0.163	8049
59769.948438	8464979154.639	   0.225	8049
59769.948553	8464979148.539	   0.269	8049
59769.948669	8464979142.539	   0.217	8049
59769.948785	8464979136.939	   0.125	8049
59769.948900	8464979132.039	   0.198	8049
59769.949016	8464979125.439	   0.166	8049
59769.949132	8464979121.938	   0.154	8049
59769.949248	8464979115.438	   0.200	8049
59769.949363	8464979111.238	   0.145	8049
59769.949479	8464979103.638	   0.198	8049
59769.949595	8464979098.538	   0.161	8049
59769.949711	8464979094.638	   0.117	8049
59769.949826	8464979088.238	   0.258	8049
59769.949942	8464979081.938	   0.174	8049
59769.950058	8464979077.938	   0.303	8049
59769.950174	8464979071.538	   0.158	8049
59769.950289	8464979066.338	   0.277	8049
59769.950405	8464979061.338	   0.265	8049
59769.950521	8464979055.238	   0.242	8049
59769.950637	8464979049.538	   0.183	8049
59769.950752	8464979045.438	   0.232	8049
59769.950868	8464979038.538	   0.124	8049
59769.950984	8464979033.938	   0.229	8049
59769.951100	8464979029.138	   0.198	8049
59769.951215	8464979025.238	   0.169	8049
59769.951331	8464979019.138	   0.258	8049
59769.951447	8464979011.838	   0.161	8049
59769.951562	8464979007.238	   0.183	8049
59769.951678	8464979002.938	   0.168	8049
59769.951794	8464978997.538	   0.204	8049
59769.951910	8464978991.338	   0.167	8049
59769.952025	8464978987.238	   0.376	8049
59769.952141	8464978981.138	   0.142	8049
59769.952257	8464978976.738	   0.150	8049
59769.952373	8464978971.238	   0.169	8049
59769.952488	8464978964.638	   0.188	8049
59769.952604	8464978961.038	   0.203	8049
59769.952720	8464978955.538	   0.170	8049
59769.952836	8464978949.138	   0.293	8049
59769.952951	8464978943.738	   0.250	8049
59769.953067	8464978939.438	   0.235	8049
59769.953183	8464978933.638	   0.227	8049
59769.953299	8464978927.638	   0.325	8049
59769.953414	8464978923.238	   0.174	8049
59769.953530	8464978916.338	   0.274	8049
59769.953646	8464978911.838	   0.231	8049
59769.953762	8464978907.038	   0.419	8049
59769.953877	8464978902.438	   0.242	8049
59769.953993	8464978896.438	   0.248	8049
59769.954109	8464978890.338	   0.212	8049
59769.954225	8464978885.438	   0.329	8049
59769.954340	8464978880.938	   0.218	8049
59769.954456	8464978875.738	   0.219	8049
59769.954572	8464978870.337	   0.378	8049
59769.954688	8464978864.337	   0.257	8049
59769.954803	8464978860.337	   0.344	8049
59769.954919	8464978854.137	   0.238	8049
59769.955035	8464978848.737	   0.476	8049
59769.955150	8464978844.737	   0.117	8049
59769.955266	8464978837.437	   0.145	8049
59769.955382	8464978834.437	   0.265	8049
59769.955498	8464978828.337	   0.175	8049
59769.955613	8464978824.237	   0.178	8049
59769.955729	8464978816.537	   0.121	8049
59769.955845	8464978813.737	   0.194	8049
59769.955961	8464978808.037	   0.681	8049
59769.956076	8464978802.737	   0.117	8049
59769.956192	8464978797.737	   0.311	8049
59769.956308	8464978792.137	   0.242	8049
59769.956424	8464978786.237	   0.167	8049
59769.956539	8464978781.937	   0.164	8049
59769.956655	8464978777.637	   0.143	8049
59769.956771	8464978770.737	   0.184	8049
59769.956887	8464978768.337	   0.172	8049
59769.957002	8464978760.937	   0.369	8049
59769.957118	8464978755.137	   0.249	8049
59769.957234	8464978750.837	   0.193	8049
59769.957350	8464978744.537	   0.147	8049
59769.957465	8464978739.837	   0.171	8049
59769.957581	8464978736.537	   0.200	8049
59769.957697	8464978730.737	   0.238	8049
59769.957813	8464978724.737	   0.263	8049
59769.957928	8464978719.337	   0.295	8049
59769.958044	8464978713.337	   0.163	8049
59769.958160	8464978709.937	   0.205	8049
59769.958275	8464978703.137	   0.219	8049
59769.958391	8464978697.937	   0.183	8049
59769.958507	8464978691.437	   0.175	8049
59769.958623	8464978688.437	   0.185	8049
59769.958738	8464978682.637	   0.176	8049
59769.958854	8464978676.437	   0.176	8049
59769.958970	8464978672.037	   0.533	8049
59769.959086	8464978666.837	   0.180	8049
59769.959201	8464978661.437	   0.133	8049
59769.959317	8464978657.237	   0.189	8049
59769.959433	8464978651.337	   0.145	8049
59769.959549	8464978645.837	   0.355	8049
59769.959664	8464978640.837	   0.237	8049
59769.959780	8464978634.037	   0.503	8049
59769.959896	8464978629.337	   0.230	8049
59769.960012	8464978623.836	   0.266	8049
59769.960127	8464978618.436	   0.301	8049
59769.960243	8464978613.736	   0.120	8049
59769.960359	8464978609.536	   0.159	8049
59769.960475	8464978604.236	   0.233	8049
59769.960590	8464978598.036	   0.243	8049
59769.960706	8464978593.236	   0.185	8049
59769.960822	8464978588.236	   0.206	8049
59769.960937	8464978583.036	   0.136	8049
59769.961053	8464978577.836	   0.216	8049
59769.961169	8464978572.736	   0.239	8049
59769.961285	8464978567.436	   0.198	8049
59769.961400	8464978561.936	   0.131	8049
59769.961516	8464978557.436	   0.289	8049
59769.961632	8464978552.336	   0.172	8049
59769.961748	8464978547.036	   0.176	8049
59769.961863	8464978542.636	   0.178	8049
59769.961979	8464978536.636	   0.146	8049
59769.962095	8464978530.636	   0.146	8049
59769.962211	8464978525.536	   0.119	8049
59769.962326	8464978520.736	   0.129	8049
59769.962442	8464978514.736	   0.198	8049
59769.962558	8464978511.136	   0.311	8049
59769.962674	8464978505.236	   0.294	8049
59769.962789	8464978499.936	   0.158	8049
59769.962905	8464978496.536	   0.157	8049
59769.963021	8464978489.936	   0.172	8049
59769.963137	8464978485.236	   0.286	8049
59769.963252	8464978478.836	   0.200	8049
59769.963368	8464978474.336	   0.323	8049
59769.963484	8464978468.636	   0.174	8049
59769.963715	8464978458.636	   0.221	8049
59769.963831	8464978453.736	   0.187	8049
59769.963947	8464978450.936	   0.168	8049
59769.964063	8464978445.036	   0.301	8049
59769.964178	8464978439.736	   0.172	8049
59769.964294	8464978434.136	   0.236	8049
59769.964410	8464978429.336	   0.240	8049
59769.964525	8464978423.136	   0.150	8049
59769.964641	8464978418.636	   0.152	8049
59769.964757	8464978413.636	   0.144	8049
59769.964873	8464978409.836	   0.236	8049
59769.964988	8464978403.436	   0.173	8049
59769.965104	8464978398.936	   0.285	8049
59769.965220	8464978393.936	   0.214	8049
59769.965336	8464978389.036	   0.157	8049
59769.965451	8464978383.136	   0.135	8049
59769.965567	8464978379.936	   0.110	8049
59769.965683	8464978374.936	   0.227	8049
59769.965799	8464978369.935	   0.202	8049
59769.965914	8464978363.635	   0.139	8049
59769.966030	8464978358.335	   0.127	8049
59769.966146	8464978355.335	   0.130	8049
59769.966262	8464978349.635	   0.133	8049
59769.966377	8464978344.035	   0.185	8049
59769.966493	8464978338.535	   0.191	8049
59769.966609	8464978333.735	   0.227	8049
59769.966725	8464978327.935	   0.235	8049
59769.966840	8464978323.335	   0.272	8049
59769.966956	8464978318.135	   0.159	8049
59769.967072	8464978312.835	   0.152	8049
59769.967187	8464978308.035	   0.274	8049
59769.967303	8464978302.535	   0.261	8049
59769.967419	8464978297.535	   0.158	8049
59769.967535	8464978292.435	   0.162	8049
59769.967650	8464978288.935	   0.129	8049
59769.967766	8464978282.935	   0.295	8049
59769.967882	8464978277.235	   0.208	8049
59769.967998	8464978273.135	   0.183	8049
59769.968113	8464978266.235	   0.233	8049
59769.968229	8464978262.035	   0.164	8049
59769.968345	8464978256.135	   0.161	8049
59769.968461	8464978252.835	   0.125	8049
59769.968576	8464978246.235	   0.227	8049
59769.968692	8464978240.535	   0.144	8049
59769.968808	8464978237.035	   0.241	8049
59769.968924	8464978231.035	   0.201	8049
59769.969039	8464978226.235	   0.175	8049
59769.969155	8464978220.235	   0.179	8049
59769.969271	8464978216.535	   0.213	8049
59769.969387	8464978210.635	   0.253	8049
59769.969502	8464978205.935	   0.169	8049
59769.969618	8464978200.235	   0.182	8049
59769.969734	8464978195.035	   0.166	8049
59769.969850	8464978190.435	   0.174	8049
59769.969965	8464978187.035	   0.261	8049
59769.970081	8464978180.835	   0.186	8049
59769.970197	8464978174.735	   0.322	8049
59769.970313	8464978169.835	   0.296	8049
59769.970428	8464978165.235	   0.164	8049
59769.970544	8464978161.235	   0.227	8049
59769.970660	8464978156.035	   0.179	8049
59769.970775	8464978151.535	   0.235	8049
59769.970891	8464978143.835	   0.143	8049
59769.971007	8464978140.935	   0.214	8049
59769.971123	8464978135.635	   0.291	8049
59769.971238	8464978132.035	   0.173	8049
59769.971354	8464978126.035	   0.181	8049
59769.971470	8464978121.834	   0.317	8049
59769.971586	8464978116.534	   0.146	8049
59769.971701	8464978111.634	   0.187	8049
59769.971817	8464978105.934	   0.133	8049
59769.971933	8464978102.034	   0.193	8049
59769.972049	8464978096.634	   0.203	8049
59769.972164	8464978091.334	   0.234	8049
59769.972280	8464978086.934	   0.205	8049
59769.972396	8464978081.234	   0.171	8049
59769.972512	8464978077.034	   0.203	8049
59769.972627	8464978072.534	   0.134	8049
59769.972743	8464978067.434	   0.178	8049
59769.972859	8464978063.534	   0.168	8049
59769.972975	8464978057.434	   0.176	8049
59769.973090	8464978053.034	   0.184	8049
59769.973206	8464978047.734	   0.150	8049
59769.973322	8464978041.134	   0.216	8049
59769.973438	8464978037.934	   0.364	8049
59769.973553	8464978032.434	   0.219	8049
59769.973669	8464978029.034	   0.198	8049
59769.973785	8464978022.934	   0.243	8049
59769.973900	8464978017.934	   0.288	8049
59769.974016	8464978013.234	   0.464	8049
59769.974132	8464978008.834	   0.281	8049
59769.974248	8464978003.834	   0.298	8049
59769.974363	8464977998.634	   0.170	8049
59769.974479	8464977993.934	   0.276	8049
59769.974595	8464977989.534	   0.174	8049
59769.974711	8464977985.034	   0.204	8049
59769.974826	8464977979.434	   0.200	8049
59769.974942	8464977974.434	   0.204	8049
59769.975058	8464977971.134	   0.160	8049
59769.975174	8464977964.834	   0.159	8049
59769.975289	8464977959.034	   0.213	8049
59769.975405	8464977954.434	   0.142	8049
59769.975521	8464977948.734	   0.177	8049
59769.975637	8464977944.234	   0.256	8049
59769.975752	8464977939.534	   0.311	8049
59769.975868	8464977933.634	   0.159	8049
59769.975984	8464977929.534	   0.322	8049
59769.976100	8464977925.934	   0.179	8049
59769.976215	8464977920.634	   0.293	8049
59769.976331	8464977915.334	   0.151	8049
59769.976447	8464977909.734	   0.343	8049
59769.976562	8464977904.934	   0.271	8049
59769.976678	8464977899.434	   0.176	8049
59769.976794	8464977894.934	   0.175	8049
59769.976910	8464977890.534	   0.253	8049
59769.977025	8464977884.534	   0.156	8049
59769.977141	8464977881.334	   0.231	8049
59769.977257	8464977875.033	   0.195	8049
59769.977373	8464977870.833	   0.359	8049
59769.977488	8464977864.033	   0.153	8049
59769.977604	8464977860.133	   0.217	8049
59769.977720	8464977856.133	   0.185	8049
59769.977951	8464977846.333	   0.142	8049
59769.978067	8464977840.933	   0.168	8049
59769.978183	8464977836.033	   0.203	8049
59769.978299	8464977832.033	   0.246	8049
59769.978414	8464977826.533	   0.277	8049
59769.978530	8464977821.833	   0.198	8049
59769.978646	8464977815.433	   0.161	8049
59769.978762	8464977811.333	   0.216	8049
59769.978877	8464977807.833	   0.142	8049
59769.978993	8464977802.733	   0.254	8049
59769.979109	8464977798.333	   0.179	8049
59769.979225	8464977794.333	   0.117	8049
59769.979340	8464977787.033	   0.130	8049
59769.979456	8464977782.833	   0.209	8049
59769.979572	8464977778.633	   0.153	8049
59769.979688	8464977772.633	   0.197	8049
59769.979803	8464977768.333	   0.127	8049
59769.979919	8464977763.133	   0.109	8049
59769.980035	8464977758.433	   0.170	8049
59769.980150	8464977753.733	   0.179	8049
59769.980266	8464977750.333	   0.128	8049
59769.980382	8464977745.433	   0.234	8049
59769.980498	8464977737.833	   0.129	8049
59769.980613	8464977736.933	   0.111	8049
59769.980729	8464977731.333	   0.124	8049
59769.980845	8464977726.433	   0.152	8049
59769.980961	8464977720.433	   0.172	8049
59769.981076	8464977716.733	   0.177	8049
59769.981192	8464977711.033	   0.177	8049
59769.981308	8464977706.233	   0.094	8049
59769.981424	8464977704.233	   0.150	8049
59769.981539	8464977697.333	   0.114	8049
59769.981655	8464977693.833	   0.129	8049
59769.981887	8464977684.733	   0.136	8049
59769.982002	8464977679.633	   0.198	8049
59769.982118	8464977675.433	   0.184	8049
59769.982234	8464977669.333	   0.237	8049
59769.982465	8464977661.033	   0.112	8049
59769.982581	8464977655.933	   0.141	8049
59769.982697	8464977650.833	   0.169	8049
59769.982812	8464977646.933	   0.121	8049
59769.982928	8464977642.233	   0.133	8049
59769.983044	8464977637.633	   0.105	8049
59769.983160	8464977631.633	   0.123	8049
59769.983275	8464977626.433	   0.136	8049
59769.983738	8464977607.932	   0.147	8049
59769.983970	8464977598.932	   0.094	8049
59769.984086	8464977593.832	   0.133	8049
59769.984201	8464977588.932	   0.172	8049
59769.984317	8464977583.632	   0.186	8049
59769.984549	8464977573.532	   0.088	8049
59769.984780	8464977564.632	   0.115	8049
59769.984896	8464977559.732	   0.189	8049
59769.985243	8464977546.832	   0.114	8049
59769.985475	8464977537.232	   0.202	8049
59769.985706	8464977527.332	   0.133	8049
59769.986632	8464977491.032	   0.102	8049
59769.986748	8464977484.432	   0.098	8049
59769.986863	8464977479.732	   0.102	8049
59769.988831	8464977401.432	   0.089	8049
59769.988947	8464977396.332	   0.133	8049
59769.989873	8464977360.831	   0.121	8049
59769.990799	8464977325.531	   0.106	8049
59769.991030	8464977316.931	   0.112	8049
