59770.754282	8464990125.783	   0.225	8049
59770.754977	8464990100.482	   0.209	8049
59770.755208	8464990095.082	   0.473	8049
59770.756018	8464990067.682	   0.342	8049
59770.756597	8464990046.882	   0.249	8049
59770.756713	8464990042.982	   0.208	8049
59770.757060	8464990031.282	   0.222	8049
59770.757292	8464990022.982	   0.190	8049
59770.757755	8464990007.282	   0.178	8049
59770.757870	8464990002.782	   0.200	8049
59770.757986	8464989999.782	   0.306	8049
59770.758102	8464989995.082	   0.170	8049
59770.758449	8464989983.282	   0.201	8049
59770.758565	8464989980.282	   0.203	8049
59770.758681	8464989974.682	   0.166	8049
59770.758796	8464989971.982	   0.242	8049
59770.759028	8464989963.182	   0.266	8049
59770.759144	8464989960.682	   0.252	8049
59770.759375	8464989950.982	   0.278	8049
59770.759606	8464989943.282	   0.354	8049
59770.759722	8464989939.282	   0.260	8049
59770.759954	8464989931.382	   0.369	8049
59770.760069	8464989926.982	   0.158	8049
59770.760185	8464989924.582	   0.282	8049
59770.760417	8464989915.782	   0.354	8049
59770.760648	8464989908.082	   0.200	8049
59770.760764	8464989904.582	   0.273	8049
59770.760880	8464989899.182	   0.141	8049
59770.760995	8464989896.782	   0.252	8049
59770.761111	8464989893.582	   0.149	8049
59770.761343	8464989886.082	   0.199	8049
59770.761458	8464989879.982	   0.184	8049
59770.761690	8464989873.381	   0.177	8049
59770.761806	8464989868.681	   0.125	8049
59770.761921	8464989864.881	   0.304	8049
59770.762037	8464989861.181	   0.123	8049
59770.762153	8464989857.081	   0.147	8049
59770.762269	8464989852.381	   0.237	8049
59770.762384	8464989848.181	   0.198	8049
59770.762500	8464989843.981	   0.139	8049
59770.762616	8464989840.181	   0.150	8049
59770.762847	8464989832.081	   0.263	8049
59770.763079	8464989822.881	   0.148	8049
59770.763194	8464989818.981	   0.172	8049
59770.763310	8464989815.181	   0.192	8049
59770.763426	8464989810.081	   0.263	8049
59770.763542	8464989806.481	   0.121	8049
59770.763657	8464989803.381	   0.145	8049
59770.763773	8464989798.481	   0.275	8049
59770.763889	8464989793.081	   0.159	8049
59770.764005	8464989789.381	   0.206	8049
59770.764120	8464989785.781	   0.178	8049
59770.764236	8464989780.681	   0.509	8049
59770.764352	8464989777.081	   0.143	8049
59770.764583	8464989767.681	   0.233	8049
59770.764699	8464989764.781	   0.262	8049
59770.764815	8464989760.181	   0.240	8049
59770.764931	8464989756.681	   0.238	8049
59770.765046	8464989751.981	   0.176	8049
59770.765162	8464989747.481	   0.170	8049
59770.765278	8464989743.081	   0.290	8049
59770.765394	8464989739.381	   0.214	8049
59770.765509	8464989735.681	   0.301	8049
59770.765625	8464989730.381	   0.205	8049
59770.765741	8464989726.681	   0.225	8049
59770.765856	8464989723.081	   0.343	8049
59770.765972	8464989717.481	   0.259	8049
59770.766088	8464989713.381	   0.148	8049
59770.766204	8464989709.881	   0.288	8049
59770.766319	8464989705.381	   0.280	8049
59770.766435	8464989700.881	   0.206	8049
59770.766551	8464989697.281	   0.427	8049
59770.766667	8464989692.881	   0.179	8049
59770.766782	8464989690.081	   0.161	8049
59770.766898	8464989684.981	   0.122	8049
59770.767014	8464989680.681	   0.203	8049
59770.767130	8464989676.581	   0.161	8049
59770.767245	8464989671.881	   0.257	8049
59770.767361	8464989668.681	   0.247	8049
59770.767477	8464989663.981	   0.381	8049
59770.767593	8464989658.381	   0.161	8049
59770.767708	8464989655.781	   0.196	8049
59770.767824	8464989650.981	   0.195	8049
59770.767940	8464989647.781	   0.261	8049
59770.768056	8464989643.481	   0.171	8049
59770.768171	8464989639.381	   0.168	8049
59770.768287	8464989634.381	   0.240	8049
59770.768403	8464989631.581	   0.117	8049
59770.768519	8464989627.481	   0.119	8049
59770.768634	8464989623.580	   0.142	8049
59770.768750	8464989617.580	   0.206	8049
59770.769097	8464989605.480	   0.103	8049
59770.769213	8464989600.880	   0.240	8049
59770.769329	8464989596.980	   0.117	8049
59770.769444	8464989592.280	   0.146	8049
59770.769560	8464989589.180	   0.172	8049
59770.769676	8464989584.680	   0.144	8049
59770.769792	8464989578.680	   0.148	8049
59770.769907	8464989574.780	   0.120	8049
59770.770023	8464989570.280	   0.137	8049
59770.770139	8464989567.480	   0.106	8049
59770.770255	8464989562.280	   0.214	8049
59770.770370	8464989557.780	   0.182	8049
59770.770486	8464989553.580	   0.163	8049
59770.770602	8464989548.480	   0.152	8049
59770.770718	8464989545.380	   0.229	8049
59770.770949	8464989535.380	   0.131	8049
59770.771065	8464989530.980	   0.121	8049
59770.771296	8464989523.080	   0.176	8049
59770.771412	8464989517.880	   0.138	8049
59770.771528	8464989513.780	   0.333	8049
59770.771644	8464989510.380	   0.205	8049
59770.771759	8464989505.980	   0.225	8049
59770.771875	8464989501.580	   0.188	8049
59770.771991	8464989496.380	   0.168	8049
59770.772106	8464989492.580	   0.207	8049
59770.772222	8464989488.480	   0.190	8049
59770.772685	8464989470.480	   0.264	8049
59770.772801	8464989465.980	   0.130	8049
59770.772917	8464989461.880	   0.237	8049
59770.773032	8464989456.980	   0.179	8049
59770.773148	8464989453.380	   0.158	8049
59770.773264	8464989448.480	   0.117	8049
59770.773495	8464989439.880	   0.149	8049
59770.773727	8464989431.380	   0.165	8049
59770.773843	8464989426.680	   0.180	8049
59770.773958	8464989423.180	   0.218	8049
59770.774074	8464989418.180	   0.194	8049
59770.774190	8464989413.380	   0.256	8049
59770.774306	8464989408.580	   0.200	8049
59770.774421	8464989403.980	   0.196	8049
59770.774537	8464989400.380	   0.131	8049
59770.774653	8464989395.480	   0.181	8049
59770.774769	8464989392.980	   0.178	8049
59770.774884	8464989387.180	   0.182	8049
59770.775000	8464989384.580	   0.208	8049
59770.775116	8464989378.680	   0.351	8049
59770.775231	8464989374.479	   0.270	8049
59770.775347	8464989370.779	   0.205	8049
59770.775463	8464989365.879	   0.249	8049
59770.775579	8464989361.779	   0.199	8049
59770.775694	8464989357.179	   0.156	8049
59770.775810	8464989352.979	   0.223	8049
59770.775926	8464989348.879	   0.221	8049
59770.776042	8464989343.879	   0.240	8049
59770.776157	8464989339.579	   0.255	8049
59770.776273	8464989336.779	   0.249	8049
59770.776389	8464989331.079	   0.123	8049
59770.776505	8464989325.979	   0.140	8049
59770.776620	8464989321.579	   0.219	8049
59770.776736	8464989317.279	   0.122	8049
59770.776852	8464989311.979	   0.131	8049
59770.776968	8464989307.779	   0.208	8049
59770.777083	8464989303.079	   0.191	8049
59770.777199	8464989299.079	   0.195	8049
59770.777315	8464989294.479	   0.218	8049
59770.777431	8464989290.079	   0.205	8049
59770.777546	8464989284.979	   0.116	8049
59770.777662	8464989280.779	   0.358	8049
59770.777778	8464989275.979	   0.360	8049
59770.777894	8464989271.579	   0.248	8049
59770.778009	8464989267.779	   0.274	8049
59770.778125	8464989261.779	   0.218	8049
59770.778241	8464989257.279	   0.160	8049
59770.778356	8464989254.879	   0.115	8049
59770.778472	8464989248.179	   0.167	8049
59770.778588	8464989243.679	   0.136	8049
59770.778704	8464989240.079	   0.122	8049
59770.779051	8464989227.079	   0.209	8049
59770.779282	8464989217.179	   0.182	8049
59770.779398	8464989212.179	   0.111	8049
59770.779514	8464989208.679	   0.119	8049
59770.779630	8464989202.379	   0.179	8049
59770.779745	8464989198.879	   0.220	8049
59770.779861	8464989194.879	   0.154	8049
59770.780093	8464989184.879	   0.288	8049
59770.780208	8464989181.279	   0.151	8049
59770.780324	8464989176.779	   0.199	8049
59770.780440	8464989171.179	   0.173	8049
59770.780556	8464989165.879	   0.134	8049
59770.780671	8464989162.879	   0.298	8049
59770.780787	8464989158.479	   0.151	8049
59770.780903	8464989154.179	   0.227	8049
59770.781019	8464989149.679	   0.426	8049
59770.781134	8464989145.779	   0.118	8049
59770.781250	8464989141.279	   0.222	8049
59770.781366	8464989136.879	   0.310	8049
59770.781481	8464989130.979	   0.339	8049
59770.781597	8464989126.879	   0.336	8049
59770.781713	8464989123.378	   0.122	8049
59770.781829	8464989118.678	   0.157	8049
59770.781944	8464989113.778	   0.314	8049
59770.782060	8464989108.278	   0.217	8049
59770.782176	8464989103.978	   0.176	8049
59770.782292	8464989099.878	   0.122	8049
59770.782407	8464989095.578	   0.291	8049
59770.782523	8464989091.778	   0.312	8049
59770.782639	8464989086.478	   0.321	8049
59770.782755	8464989081.878	   0.192	8049
59770.782870	8464989077.478	   0.198	8049
59770.783102	8464989067.478	   0.153	8049
59770.783218	8464989064.378	   0.244	8049
59770.783333	8464989058.278	   0.280	8049
59770.783449	8464989055.478	   0.162	8049
59770.783565	8464989050.378	   0.289	8049
59770.783681	8464989044.178	   0.139	8049
59770.783796	8464989038.778	   0.174	8049
59770.783912	8464989034.378	   0.178	8049
59770.784028	8464989030.078	   0.153	8049
59770.784144	8464989023.978	   0.132	8049
59770.784259	8464989021.178	   0.212	8049
59770.784375	8464989015.778	   0.217	8049
59770.784606	8464989006.378	   0.154	8049
59770.784722	8464989001.478	   0.144	8049
59770.784838	8464988997.278	   0.183	8049
59770.784954	8464988992.578	   0.176	8049
59770.785069	8464988988.978	   0.217	8049
59770.785185	8464988983.078	   0.223	8049
59770.785301	8464988978.678	   0.193	8049
59770.785417	8464988973.178	   0.246	8049
59770.785532	8464988969.178	   0.154	8049
59770.785648	8464988964.878	   0.278	8049
59770.785764	8464988958.578	   0.163	8049
59770.785880	8464988955.678	   0.216	8049
59770.785995	8464988950.178	   0.300	8049
59770.786111	8464988946.378	   0.190	8049
59770.786227	8464988939.778	   0.143	8049
59770.786343	8464988935.678	   0.156	8049
59770.786574	8464988927.778	   0.267	8049
59770.786690	8464988920.978	   0.175	8049
59770.786806	8464988916.778	   0.261	8049
59770.786921	8464988912.078	   0.187	8049
59770.787037	8464988907.978	   0.275	8049
59770.787153	8464988903.178	   0.286	8049
59770.787269	8464988898.278	   0.183	8049
59770.787384	8464988893.978	   0.233	8049
59770.787500	8464988888.778	   0.298	8049
59770.787616	8464988883.578	   0.124	8049
59770.787731	8464988880.978	   0.132	8049
59770.787847	8464988876.878	   0.177	8049
59770.787963	8464988872.077	   0.130	8049
59770.788079	8464988866.677	   0.178	8049
59770.788194	8464988861.877	   0.148	8049
59770.788310	8464988856.477	   0.162	8049
59770.788426	8464988852.377	   0.216	8049
59770.788542	8464988848.177	   0.178	8049
59770.788657	8464988843.577	   0.214	8049
59770.788773	8464988838.577	   0.126	8049
59770.788889	8464988833.277	   0.161	8049
59770.789005	8464988828.577	   0.206	8049
59770.789120	8464988823.577	   0.139	8049
59770.789236	8464988819.277	   0.133	8049
59770.789352	8464988814.477	   0.179	8049
59770.789468	8464988810.277	   0.184	8049
59770.789583	8464988805.877	   0.222	8049
59770.789699	8464988801.677	   0.146	8049
59770.789815	8464988796.277	   0.267	8049
59770.789931	8464988790.877	   0.342	8049
59770.790046	8464988785.977	   0.168	8049
59770.790162	8464988782.177	   0.197	8049
59770.790278	8464988776.577	   0.235	8049
59770.790394	8464988771.777	   0.193	8049
59770.790509	8464988766.577	   0.233	8049
59770.790625	8464988762.277	   0.169	8049
59770.790741	8464988757.277	   0.209	8049
59770.790856	8464988751.777	   0.181	8049
59770.791088	8464988742.677	   0.127	8049
59770.791204	8464988737.377	   0.210	8049
59770.791319	8464988732.677	   0.217	8049
59770.791435	8464988727.177	   0.146	8049
59770.791551	8464988722.077	   0.170	8049
59770.791667	8464988718.377	   0.277	8049
59770.791782	8464988713.377	   0.120	8049
59770.791898	8464988707.877	   0.190	8049
59770.792014	8464988702.877	   0.194	8049
59770.792130	8464988698.677	   0.235	8049
59770.792245	8464988693.677	   0.110	8049
59770.792361	8464988687.977	   0.160	8049
59770.792477	8464988683.177	   0.164	8049
59770.792593	8464988678.677	   0.206	8049
59770.792824	8464988669.277	   0.208	8049
59770.792940	8464988664.777	   0.302	8049
59770.793056	8464988659.277	   0.256	8049
59770.793171	8464988654.277	   0.122	8049
59770.793287	8464988649.877	   0.178	8049
59770.793403	8464988644.877	   0.159	8049
59770.793519	8464988641.077	   0.137	8049
59770.793634	8464988635.677	   0.323	8049
59770.793750	8464988630.477	   0.139	8049
59770.793866	8464988625.577	   0.169	8049
59770.793981	8464988620.976	   0.299	8049
59770.794097	8464988616.076	   0.222	8049
59770.794213	8464988611.476	   0.328	8049
59770.794329	8464988606.076	   0.164	8049
59770.794444	8464988601.476	   0.175	8049
59770.794560	8464988597.076	   0.182	8049
59770.794676	8464988592.576	   0.119	8049
59770.794792	8464988587.276	   0.312	8049
59770.794907	8464988582.376	   0.166	8049
59770.795023	8464988577.276	   0.179	8049
59770.795139	8464988572.776	   0.202	8049
59770.795370	8464986952.670	   0.259	8049
59770.795486	8464986947.770	   0.277	8049
59770.795602	8464986943.870	   0.189	8049
59770.795718	8464986938.470	   0.169	8049
59770.795833	8464986933.270	   0.156	8049
59770.795949	8464986929.070	   0.228	8049
59770.796065	8464986923.870	   0.452	8049
59770.796181	8464986918.770	   0.234	8049
59770.796296	8464986914.370	   0.137	8049
59770.796412	8464986910.370	   0.159	8049
59770.796528	8464986902.970	   0.135	8049
59770.796644	8464986900.170	   0.172	8049
59770.796759	8464986894.970	   0.137	8049
59770.797338	8464987041.770	   0.144	8049
59770.797454	8464987027.070	   0.090	8049
59770.797569	8464987017.970	   0.173	8049
59770.797685	8464987005.770	   0.129	8049
59770.797801	8464986994.170	   0.149	8049
59770.798032	8464986969.870	   0.122	8049
59770.798148	8464986957.070	   0.112	8049
59770.798264	8464986945.970	   0.158	8049
59770.798380	8464986933.470	   0.117	8049
59770.798495	8464986921.870	   0.119	8049
59770.798611	8464986908.070	   0.122	8049
59770.798727	8464986897.070	   0.185	8049
59770.798843	8464986885.070	   0.141	8049
59770.799074	8464986861.569	   0.132	8049
59770.799190	8464986849.169	   0.085	8049
59770.799306	8464986838.369	   0.101	8049
59770.799421	8464986826.169	   0.087	8049
59770.799537	8464986812.669	   0.130	8049
59770.799653	8464986800.669	   0.143	8049
59770.799769	8464986788.169	   0.161	8049
59770.800116	8464986751.669	   0.105	8049
59770.800231	8464986741.769	   0.156	8049
59770.800579	8464986706.169	   0.101	8049
59770.800926	8464986668.169	   0.110	8049
59770.801042	8464986653.569	   0.096	8049
59770.801157	8464986644.669	   0.125	8049
59770.801273	8464986634.269	   0.113	8049
59770.801389	8464986621.668	   0.124	8049
59770.801505	8464986607.368	   0.111	8049
59770.801968	8464986561.068	   0.098	8049
59770.802083	8464986547.168	   0.142	8049
59770.802662	8464986488.568	   0.121	8049
59770.802894	8464986464.768	   0.104	8049
59770.803009	8464986449.868	   0.100	8049
59770.803125	8464986439.168	   0.104	8049
59770.803472	8464986402.168	   0.134	8049
59770.803588	8464986389.568	   0.090	8049
59770.803819	8464986368.367	   0.087	8049
59770.804051	8464986343.767	   0.095	8049
59770.804282	8464986318.567	   0.160	8049
59770.804398	8464986308.967	   0.111	8049
59770.804514	8464986296.467	   0.152	8049
59770.805208	8464986221.867	   0.105	8049
59770.805440	8464986199.067	   0.091	8049
59770.805556	8464986185.567	   0.104	8049
59770.805671	8464986175.767	   0.104	8049
59770.805787	8464986163.667	   0.126	8049
59770.805903	8464986149.867	   0.125	8049
59770.806019	8464986138.567	   0.208	8049
59770.806134	8464986124.166	   0.112	8049
59770.806250	8464986113.666	   0.140	8049
59770.806597	8464986077.966	   0.145	8049
59770.806713	8464986066.466	   0.105	8049
59770.807060	8464986029.666	   0.149	8049
59770.807176	8464986017.066	   0.110	8049
59770.807292	8464986003.766	   0.169	8049
59770.807407	8464985993.766	   0.085	8049
59770.807523	8464985979.666	   0.108	8049
59770.807870	8464985944.166	   0.115	8049
59770.808218	8464985906.566	   0.156	8049
59770.808333	8464985895.766	   0.103	8049
59770.808449	8464985884.466	   0.104	8049
59770.808681	8464985857.065	   0.119	8049
59770.808796	8464985846.165	   0.114	8049
59770.808912	8464985834.965	   0.159	8049
59770.809028	8464985821.965	   0.143	8049
59770.809144	8464985809.465	   0.111	8049
59770.809375	8464985785.465	   0.118	8049
59770.809606	8464985762.165	   0.098	8049
59770.809722	8464985747.765	   0.107	8049
59770.809838	8464985736.465	   0.105	8049
59770.809954	8464985726.465	   0.123	8049
59770.810648	8464985654.765	   0.102	8049
59770.810880	8464985626.965	   0.128	8049
59770.810995	8464985614.264	   0.113	8049
59770.811227	8464985589.964	   0.102	8049
59770.811343	8464985581.564	   0.114	8049
59770.811458	8464985568.464	   0.122	8049
59770.811690	8464985542.864	   0.147	8049
59770.811806	8464985530.564	   0.126	8049
59770.811921	8464985519.464	   0.097	8049
59770.812037	8464985506.264	   0.105	8049
59770.812269	8464985484.464	   0.111	8049
59770.812384	8464985468.064	   0.103	8049
59770.813079	8464985396.364	   0.133	8049
59770.813194	8464985384.964	   0.164	8049
59770.813542	8464985349.063	   0.133	8049
59770.813657	8464985336.863	   0.104	8049
59770.813889	8464985311.663	   0.187	8049
59770.814005	8464985299.963	   0.117	8049
59770.814120	8464985286.363	   0.117	8049
59770.814236	8464985275.663	   0.127	8049
59770.814352	8464985264.063	   0.160	8049
59770.814468	8464985255.163	   0.086	8049
59770.814583	8464985240.263	   0.103	8049
59770.814699	8464985226.863	   0.149	8049
59770.814815	8464985213.563	   0.161	8049
59770.815046	8464985186.863	   0.106	8049
59770.815162	8464985181.363	   0.140	8049
59770.815278	8464985155.363	   0.098	8049
59770.815509	8464985141.163	   0.167	8049
59770.815625	8464985129.263	   0.155	8049
59770.815741	8464985118.062	   0.159	8049
59770.815972	8464985096.262	   0.086	8049
59770.816088	8464985081.962	   0.189	8049
59770.816204	8464985071.462	   0.112	8049
59770.816319	8464985055.962	   0.098	8049
59770.816667	8464985020.062	   0.113	8049
59770.816782	8464985011.362	   0.126	8049
59770.816898	8464984992.962	   0.098	8049
59770.817014	8464984984.062	   0.136	8049
59770.817361	8464984947.562	   0.136	8049
59770.817477	8464984937.862	   0.101	8049
59770.817593	8464984923.962	   0.117	8049
59770.817824	8464984899.262	   0.131	8049
59770.817940	8464984887.362	   0.143	8049
59770.818056	8464984874.861	   0.092	8049
59770.818287	8464984848.961	   0.104	8049
59770.818519	8464984827.461	   0.134	8049
59770.818634	8464984812.361	   0.105	8049
59770.818750	8464984800.961	   0.107	8049
59770.818981	8464984777.861	   0.091	8049
59770.819097	8464984764.361	   0.101	8049
59770.819329	8464984738.761	   0.144	8049
59770.819444	8464984729.161	   0.157	8049
59770.819560	8464984715.761	   0.132	8049
59770.819676	8464984703.661	   0.158	8049
59770.819907	8464984678.861	   0.145	8049
59770.820023	8464984665.661	   0.136	8049
59770.820255	8464984641.161	   0.105	8049
59770.820370	8464984630.261	   0.102	8049
59770.820486	8464984620.760	   0.121	8049
59770.820602	8464984605.760	   0.174	8049
59770.820718	8464984596.360	   0.121	8049
59770.820833	8464984581.560	   0.165	8049
59770.821181	8464984546.560	   0.101	8049
59770.821296	8464984536.260	   0.093	8049
59770.821412	8464984522.660	   0.148	8049
59770.821528	8464984510.160	   0.099	8049
59770.821644	8464984496.860	   0.135	8049
59770.821759	8464984485.960	   0.145	8049
59770.821875	8464984473.560	   0.138	8049
59770.822106	8464984447.560	   0.142	8049
59770.822222	8464984435.760	   0.117	8049
59770.822338	8464984423.160	   0.089	8049
59770.822454	8464984410.860	   0.144	8049
59770.822569	8464984398.760	   0.154	8049
59770.822685	8464984388.360	   0.206	8049
59770.822801	8464984376.560	   0.105	8049
59770.823032	8464984350.459	   0.112	8049
59770.823148	8464984338.859	   0.113	8049
59770.823264	8464984325.059	   0.102	8049
59770.823380	8464984313.259	   0.119	8049
59770.823495	8464984302.059	   0.152	8049
59770.823611	8464984289.559	   0.125	8049
59770.823727	8464984277.459	   0.120	8049
59770.823843	8464984267.659	   0.092	8049
59770.824074	8464984239.859	   0.118	8049
59770.824190	8464984227.459	   0.113	8049
59770.824306	8464984216.459	   0.098	8049
59770.824421	8464984203.859	   0.170	8049
59770.824537	8464984194.359	   0.106	8049
59770.824653	8464984178.559	   0.094	8049
59770.825000	8464984146.459	   0.108	8049
59770.825116	8464984131.659	   0.188	8049
59770.825231	8464984118.158	   0.118	8049
59770.825347	8464984106.258	   0.135	8049
59770.825463	8464984094.858	   0.136	8049
59770.825579	8464984079.058	   0.127	8049
59770.825810	8464984058.658	   0.170	8049
59770.826042	8464984033.658	   0.092	8049
59770.826273	8464984010.858	   0.104	8049
59770.826389	8464983996.458	   0.142	8049
59770.826620	8464983971.858	   0.099	8049
59770.827083	8464983924.758	   0.078	8049
59770.827199	8464983910.458	   0.090	8049
59770.828009	8464983827.757	   0.091	8049
59770.828588	8464983765.857	   0.136	8049
59770.828704	8464983753.557	   0.094	8049
59770.828819	8464983742.757	   0.102	8049
59770.828935	8464983729.157	   0.096	8049
59770.829051	8464983714.957	   0.107	8049
59770.829167	8464983704.057	   0.093	8049
59770.829398	8464983679.857	   0.093	8049
59770.829630	8464983657.257	   0.097	8049
59770.830208	8464983595.956	   0.086	8049
59770.830440	8464983571.356	   0.114	8049
59770.830787	8464983533.156	   0.101	8049
59770.831250	8464983485.056	   0.102	8049
59770.831713	8464983435.556	   0.112	8049
59770.831944	8464983412.956	   0.117	8049
59770.832292	8464983377.456	   0.091	8049
59770.840046	8464982559.952	   0.113	8049
59770.840162	8464982549.552	   0.123	8049
59770.840278	8464982537.752	   0.143	8049
59770.840394	8464982525.152	   0.186	8049
59770.840509	8464982514.152	   0.153	8049
59770.840625	8464982502.152	   0.119	8049
59770.840741	8464982489.952	   0.116	8049
59770.840856	8464982475.652	   0.101	8049
59770.840972	8464982461.852	   0.139	8049
59770.841088	8464982451.952	   0.103	8049
59770.841204	8464982439.252	   0.107	8049
59770.841319	8464982427.652	   0.132	8049
59770.841435	8464982418.152	   0.131	8049
59770.841782	8464982381.252	   0.165	8049
59770.841898	8464982368.451	   0.190	8049
59770.842014	8464982355.151	   0.276	8049
59770.842130	8464982342.151	   0.119	8049
59770.842245	8464982329.351	   0.160	8049
59770.842361	8464982320.751	   0.087	8049
59770.842477	8464982304.651	   0.111	8049
59770.842708	8464982283.351	   0.104	8049
59770.842824	8464982271.951	   0.109	8049
59770.842940	8464982259.451	   0.128	8049
59770.843056	8464982248.551	   0.210	8049
59770.843171	8464982233.451	   0.145	8049
59770.843287	8464982222.551	   0.095	8049
59770.843403	8464982210.051	   0.108	8049
59770.843634	8464982185.751	   0.172	8049
59770.843750	8464982171.451	   0.133	8049
59770.843866	8464982162.351	   0.142	8049
59770.843981	8464982147.351	   0.092	8049
59770.844097	8464982137.951	   0.126	8049
59770.844213	8464982124.650	   0.158	8049
59770.844329	8464982113.550	   0.140	8049
59770.844676	8464982077.050	   0.150	8049
59770.844792	8464982062.150	   0.093	8049
59770.844907	8464982050.450	   0.123	8049
59770.845139	8464982029.450	   0.129	8049
59770.845255	8464982016.850	   0.128	8049
59770.845370	8464982002.650	   0.256	8049
59770.845486	8464981990.750	   0.103	8049
59770.845602	8464981980.250	   0.196	8049
59770.845718	8464981968.250	   0.133	8049
59770.845949	8464981942.550	   0.154	8049
59770.846065	8464981932.650	   0.105	8049
59770.846412	8464981896.950	   0.114	8049
59770.846528	8464981881.150	   0.109	8049
59770.846644	8464981871.349	   0.114	8049
59770.846759	8464981860.449	   0.162	8049
59770.846875	8464981847.849	   0.147	8049
59770.847106	8464981824.049	   0.167	8049
59770.847222	8464981810.149	   0.146	8049
59770.847338	8464981799.349	   0.140	8049
59770.847454	8464981789.049	   0.123	8049
59770.847569	8464981775.449	   0.126	8049
59770.847685	8464981762.049	   0.152	8049
59770.847801	8464981752.949	   0.108	8049
59770.847917	8464981739.349	   0.120	8049
59770.848032	8464981726.449	   0.164	8049
59770.848148	8464981714.549	   0.108	8049
59770.848264	8464981705.149	   0.133	8049
59770.848380	8464981689.049	   0.122	8049
59770.848495	8464981678.849	   0.084	8049
59770.848611	8464981664.849	   0.128	8049
59770.848727	8464981656.049	   0.115	8049
59770.848843	8464981639.349	   0.096	8049
59770.848958	8464981629.749	   0.158	8049
59770.849074	8464981618.748	   0.111	8049
59770.849190	8464981607.248	   0.147	8049
59770.849306	8464981592.548	   0.147	8049
59770.849421	8464981581.548	   0.103	8049
59770.849537	8464981571.748	   0.119	8049
59770.849653	8464981559.148	   0.119	8049
59770.849884	8464981533.648	   0.149	8049
59770.850000	8464981521.048	   0.113	8049
59770.850116	8464981509.148	   0.192	8049
59770.850347	8464981486.148	   0.155	8049
59770.850579	8464981463.048	   0.157	8049
59770.850694	8464981449.848	   0.099	8049
59770.850810	8464981438.448	   0.111	8049
59770.850926	8464981426.048	   0.229	8049
59770.851042	8464981411.248	   0.092	8049
59770.851273	8464981387.548	   0.093	8049
59770.851389	8464981376.348	   0.126	8049
59770.851505	8464981366.247	   0.155	8049
59770.851620	8464981354.647	   0.196	8049
59770.851736	8464981342.347	   0.121	8049
59770.851852	8464981328.447	   0.156	8049
59770.851968	8464981318.547	   0.116	8049
59770.852083	8464981303.047	   0.128	8049
59770.852199	8464981294.847	   0.122	8049
59770.852315	8464981279.747	   0.167	8049
59770.852431	8464981271.047	   0.121	8049
59770.852546	8464981257.947	   0.106	8049
59770.852662	8464981246.047	   0.097	8049
59770.852778	8464981232.047	   0.184	8049
59770.852894	8464981220.547	   0.127	8049
59770.853009	8464981208.847	   0.110	8049
59770.853125	8464981196.747	   0.252	8049
59770.853356	8464981172.547	   0.128	8049
59770.853472	8464981163.247	   0.189	8049
59770.853704	8464981137.847	   0.098	8049
59770.853819	8464981124.546	   0.136	8049
59770.853935	8464981114.846	   0.159	8049
59770.854051	8464981102.246	   0.112	8049
59770.854282	8464981079.046	   0.120	8049
59770.854398	8464981064.846	   0.130	8049
59770.854514	8464981053.146	   0.103	8049
59770.854630	8464981022.146	   0.088	8049
59770.854745	8464981029.546	   0.107	8049
59770.854861	8464981020.346	   0.137	8049
59770.854977	8464981008.446	   0.125	8049
59770.855093	8464980993.246	   0.128	8049
59770.855208	8464980983.046	   0.176	8049
59770.855440	8464980957.946	   0.148	8049
59770.855556	8464980945.446	   0.197	8049
59770.855787	8464980920.846	   0.188	8049
59770.855903	8464980908.446	   0.132	8049
59770.856019	8464980898.846	   0.124	8049
59770.856134	8464980887.046	   0.133	8049
59770.856250	8464980874.145	   0.132	8049
59770.856366	8464980866.045	   0.121	8049
59770.856481	8464980850.645	   0.104	8049
59770.856713	8464980827.245	   0.103	8049
59770.856829	8464980814.745	   0.139	8049
59770.856944	8464980803.445	   0.131	8049
59770.857176	8464980779.845	   0.231	8049
59770.857292	8464980766.645	   0.105	8049
59770.857407	8464980752.945	   0.113	8049
59770.857523	8464980743.545	   0.111	8049
59770.857639	8464980733.145	   0.114	8049
59770.857755	8464980718.745	   0.157	8049
59770.857870	8464980706.345	   0.119	8049
59770.857986	8464980695.745	   0.141	8049
59770.858102	8464980682.245	   0.168	8049
59770.858218	8464980669.845	   0.118	8049
59770.858333	8464980660.245	   0.245	8049
59770.858449	8464980650.145	   0.102	8049
59770.858565	8464980634.145	   0.086	8049
59770.858681	8464980624.744	   0.143	8049
59770.858796	8464980613.244	   0.162	8049
59770.859028	8464980588.044	   0.133	8049
59770.859144	8464980576.044	   0.201	8049
59770.859259	8464980565.444	   0.233	8049
59770.859375	8464980552.944	   0.091	8049
59770.859491	8464980542.244	   0.116	8049
59770.859606	8464980528.144	   0.124	8049
59770.859722	8464980515.144	   0.122	8049
59770.859838	8464980503.244	   0.151	8049
59770.859954	8464980493.644	   0.101	8049
59770.860069	8464980484.044	   0.116	8049
59770.860185	8464980469.944	   0.122	8049
59770.860301	8464980457.844	   0.144	8049
59770.860417	8464980445.944	   0.124	8049
59770.860532	8464980436.844	   0.094	8049
59770.860648	8464980420.344	   0.151	8049
59770.860764	8464980408.744	   0.219	8049
59770.860880	8464980398.044	   0.107	8049
59770.860995	8464980384.644	   0.088	8049
59770.861111	8464980375.444	   0.120	8049
59770.861227	8464980363.143	   0.125	8049
59770.861343	8464980352.043	   0.113	8049
59770.861458	8464980342.043	   0.080	8049
59770.861574	8464980330.243	   0.112	8049
59770.861690	8464980315.143	   0.187	8049
59770.861806	8464980301.543	   0.148	8049
59770.861921	8464980291.143	   0.098	8049
59770.862037	8464980280.643	   0.150	8049
59770.862153	8464980267.443	   0.146	8049
59770.862269	8464980258.343	   0.115	8049
59770.862384	8464980243.243	   0.193	8049
59770.862500	8464980234.443	   0.119	8049
59770.862616	8464980219.143	   0.107	8049
59770.862731	8464980208.343	   0.143	8049
59770.862847	8464980197.143	   0.143	8049
59770.863079	8464980173.543	   0.151	8049
59770.863194	8464980160.843	   0.135	8049
59770.863310	8464980149.443	   0.121	8049
59770.863542	8464980126.143	   0.099	8049
59770.863657	8464980111.542	   0.107	8049
59770.863773	8464980100.242	   0.154	8049
59770.863889	8464980092.742	   0.090	8049
59770.864005	8464980077.242	   0.157	8049
59770.864120	8464980066.342	   0.109	8049
59770.864236	8464980054.542	   0.129	8049
59770.864583	8464980020.542	   0.113	8049
59770.864699	8464980007.442	   0.101	8049
59770.864815	8464979995.242	   0.154	8049
59770.864931	8464979982.442	   0.132	8049
59770.865046	8464979971.742	   0.133	8049
59770.865162	8464979958.442	   0.194	8049
59770.865394	8464979934.542	   0.100	8049
59770.865509	8464979926.542	   0.104	8049
59770.865625	8464979914.942	   0.107	8049
59770.865741	8464979900.942	   0.238	8049
59770.865856	8464979891.942	   0.127	8049
59770.866088	8464979858.541	   0.112	8049
59770.866204	8464979855.141	   0.119	8049
59770.866319	8464979842.441	   0.134	8049
59770.866435	8464979832.441	   0.090	8049
59770.866667	8464979807.841	   0.236	8049
59770.866782	8464979796.541	   0.130	8049
59770.866898	8464979783.741	   0.149	8049
59770.867014	8464979774.241	   0.097	8049
59770.867130	8464979762.541	   0.146	8049
59770.867245	8464979747.241	   0.107	8049
59770.867361	8464979736.841	   0.123	8049
59770.867477	8464979724.341	   0.109	8049
59770.867593	8464979716.941	   0.146	8049
59770.867708	8464979702.341	   0.133	8049
59770.867824	8464979693.941	   0.114	8049
59770.867940	8464979677.741	   0.129	8049
59770.868056	8464979667.741	   0.123	8049
59770.868171	8464979653.641	   0.092	8049
59770.868287	8464979641.441	   0.093	8049
59770.868403	8464979632.241	   0.199	8049
59770.868519	8464979617.240	   0.110	8049
59770.868634	8464979607.340	   0.122	8049
59770.868750	8464979597.340	   0.126	8049
59770.868866	8464979584.940	   0.115	8049
59770.868981	8464979574.340	   0.122	8049
59770.869097	8464979562.540	   0.107	8049
59770.869213	8464979548.040	   0.104	8049
59770.869329	8464979537.740	   0.133	8049
59770.869444	8464979523.540	   0.077	8049
59770.869560	8464979517.840	   0.144	8049
59770.869676	8464979503.240	   0.211	8049
59770.869907	8464979480.540	   0.113	8049
59770.870023	8464979467.040	   0.192	8049
59770.870139	8464979458.340	   0.114	8049
59770.870255	8464979445.640	   0.123	8049
59770.870370	8464979431.440	   0.099	8049
59770.870486	8464979421.240	   0.142	8049
59770.870602	8464979410.540	   0.102	8049
59770.870718	8464979399.140	   0.122	8049
59770.870833	8464979385.340	   0.156	8049
59770.870949	8464979375.440	   0.114	8049
59770.871065	8464979364.539	   0.120	8049
59770.871181	8464979352.039	   0.122	8049
59770.871296	8464979338.539	   0.123	8049
59770.871528	8464979315.439	   0.107	8049
59770.871644	8464979302.839	   0.149	8049
59770.871759	8464979292.339	   0.232	8049
59770.871875	8464979279.739	   0.217	8049
59770.871991	8464979270.839	   0.146	8049
59770.872338	8464979235.139	   0.215	8049
59770.872454	8464979224.739	   0.120	8049
59770.872569	8464979210.739	   0.232	8049
59770.872801	8464979184.939	   0.154	8049
59770.873148	8464979154.339	   0.117	8049
59770.873264	8464979141.839	   0.092	8049
59770.873380	8464979130.639	   0.183	8049
59770.873495	8464979118.438	   0.113	8049
59770.873843	8464979082.538	   0.145	8049
59770.873958	8464979073.338	   0.266	8049
59770.874074	8464979059.438	   0.152	8049
59770.874190	8464979050.338	   0.179	8049
59770.874306	8464979037.238	   0.097	8049
59770.874421	8464979025.438	   0.126	8049
59770.874537	8464979014.138	   0.136	8049
59770.874769	8464978990.638	   0.190	8049
59770.874884	8464978977.738	   0.165	8049
59770.875000	8464978969.638	   0.268	8049
59770.875116	8464978958.338	   0.116	8049
59770.875231	8464978944.338	   0.141	8049
59770.875347	8464978931.838	   0.257	8049
59770.875463	8464978923.738	   0.106	8049
59770.875579	8464978909.238	   0.095	8049
59770.875694	8464978900.238	   0.095	8049
59770.875810	8464978889.938	   0.113	8049
59770.876042	8464978861.037	   0.134	8049
59770.876157	8464978852.237	   0.109	8049
59770.876273	8464978841.837	   0.232	8049
59770.876389	8464978828.037	   0.132	8049
59770.876505	8464978818.737	   0.119	8049
59770.876620	8464978805.137	   0.103	8049
59770.876736	8464978795.737	   0.141	8049
59770.876852	8464978784.437	   0.180	8049
59770.876968	8464978772.037	   0.197	8049
59770.877083	8464978759.937	   0.169	8049
59770.877315	8464978737.037	   0.232	8049
59770.877431	8464978725.837	   0.115	8049
59770.877546	8464978715.837	   0.126	8049
59770.877662	8464978704.437	   0.116	8049
59770.877778	8464978690.037	   0.123	8049
59770.877894	8464978680.237	   0.158	8049
59770.878125	8464978656.737	   0.104	8049
59770.878241	8464978645.837	   0.120	8049
59770.878356	8464978634.337	   0.121	8049
59770.878472	8464978621.536	   0.148	8049
59770.878588	8464978611.636	   0.130	8049
59770.878704	8464978600.136	   0.134	8049
59770.878819	8464978587.336	   0.205	8049
59770.878935	8464978578.036	   0.220	8049
59770.879051	8464978566.036	   0.109	8049
59770.879167	8464978553.636	   0.106	8049
59770.879282	8464978544.636	   0.080	8049
59770.879398	8464978531.136	   0.110	8049
59770.879630	8464978507.836	   0.180	8049
59770.879745	8464978496.236	   0.153	8049
59770.879861	8464978486.036	   0.096	8049
59770.879977	8464978474.436	   0.108	8049
59770.880208	8464978449.736	   0.117	8049
59770.880324	8464978440.636	   0.188	8049
59770.880556	8464978416.836	   0.133	8049
59770.880671	8464978404.236	   0.097	8049
59770.880787	8464978393.936	   0.162	8049
59770.880903	8464978382.036	   0.091	8049
59770.881019	8464978373.135	   0.108	8049
59770.881134	8464978358.935	   0.093	8049
59770.881250	8464978347.135	   0.102	8049
59770.881366	8464978337.235	   0.146	8049
59770.881481	8464978324.835	   0.213	8049
59770.881597	8464978313.635	   0.200	8049
59770.881713	8464978303.835	   0.168	8049
59770.881829	8464978292.535	   0.167	8049
59770.881944	8464978280.835	   0.117	8049
59770.882060	8464978266.135	   0.097	8049
59770.882292	8464978243.235	   0.125	8049
59770.882523	8464978221.935	   0.139	8049
59770.882639	8464978213.335	   0.116	8049
59770.882755	8464978199.735	   0.255	8049
59770.882870	8464978188.735	   0.105	8049
59770.882986	8464978178.635	   0.192	8049
59770.883218	8464978154.035	   0.153	8049
59770.883449	8464978132.035	   0.126	8049
59770.883681	8464978108.434	   0.138	8049
59770.883796	8464978097.434	   0.091	8049
59770.883912	8464978084.834	   0.102	8049
59770.884028	8464978074.234	   0.135	8049
59770.884144	8464978061.934	   0.098	8049
59770.884259	8464978050.434	   0.085	8049
59770.884375	8464978043.334	   0.188	8049
59770.884491	8464978031.734	   0.187	8049
59770.884606	8464978018.834	   0.187	8049
59770.884722	8464978010.334	   0.162	8049
59770.884838	8464977995.334	   0.127	8049
59770.884954	8464977983.434	   0.155	8049
59770.885069	8464977973.534	   0.102	8049
59770.885185	8464977962.534	   0.114	8049
59770.885301	8464977951.434	   0.109	8049
59770.885417	8464977939.334	   0.210	8049
59770.885532	8464977928.434	   0.163	8049
59770.885648	8464977915.334	   0.115	8049
59770.885764	8464977907.434	   0.125	8049
59770.885880	8464977895.334	   0.191	8049
59770.885995	8464977883.934	   0.127	8049
59770.886111	8464977872.833	   0.176	8049
59770.886343	8464977849.233	   0.087	8049
59770.886458	8464977838.933	   0.195	8049
59770.886574	8464977826.033	   0.156	8049
59770.886690	8464977815.633	   0.088	8049
59770.886806	8464977805.433	   0.187	8049
59770.886921	8464977792.933	   0.172	8049
59770.887153	8464977770.933	   0.145	8049
59770.887269	8464977759.433	   0.110	8049
59770.887500	8464977736.533	   0.235	8049
59770.887616	8464977723.733	   0.092	8049
59770.887731	8464977713.533	   0.112	8049
59770.887847	8464977705.033	   0.210	8049
59770.887963	8464977692.133	   0.135	8049
59770.888079	8464977684.233	   0.136	8049
59770.888194	8464977668.633	   0.100	8049
59770.888310	8464977658.033	   0.145	8049
59770.888542	8464977635.333	   0.113	8049
59770.888657	8464977625.433	   0.129	8049
59770.888773	8464977615.932	   0.096	8049
59770.888889	8464977603.832	   0.174	8049
59770.889005	8464977590.432	   0.160	8049
59770.889236	8464977570.232	   0.096	8049
59770.889352	8464977560.232	   0.131	8049
59770.889468	8464977546.432	   0.098	8049
59770.889583	8464977537.232	   0.152	8049
59770.889815	8464977516.032	   0.157	8049
59770.889931	8464977505.132	   0.141	8049
59770.890162	8464977481.332	   0.212	8049
59770.890278	8464977469.032	   0.138	8049
59770.890394	8464977458.232	   0.092	8049
59770.890509	8464977447.632	   0.176	8049
59770.890625	8464977434.832	   0.187	8049
59770.890856	8464977413.032	   0.163	8049
59770.891088	8464977390.832	   0.186	8049
59770.891204	8464977380.432	   0.106	8049
59770.891551	8464977347.231	   0.162	8049
59770.891667	8464977336.831	   0.173	8049
59770.891782	8464977325.731	   0.148	8049
59770.891898	8464977313.531	   0.155	8049
59770.892130	8464977291.931	   0.234	8049
59770.892245	8464977280.831	   0.115	8049
59770.892361	8464977270.431	   0.166	8049
59770.892708	8464977234.831	   0.106	8049
59770.892824	8464977226.331	   0.212	8049
59770.892940	8464977213.231	   0.196	8049
59770.893056	8464977202.931	   0.133	8049
59770.893287	8464977182.031	   0.173	8049
59770.893403	8464977169.531	   0.116	8049
59770.893519	8464977161.731	   0.113	8049
59770.893634	8464977146.531	   0.136	8049
59770.893750	8464977136.431	   0.198	8049
59770.893866	8464977125.431	   0.124	8049
59770.894097	8464977104.530	   0.134	8049
59770.894213	8464977091.530	   0.096	8049
59770.894329	8464977081.330	   0.222	8049
59770.894444	8464977070.530	   0.140	8049
59770.894560	8464977058.030	   0.107	8049
59770.894676	8464977048.730	   0.185	8049
59770.894792	8464977039.130	   0.131	8049
59770.894907	8464977025.530	   0.138	8049
59770.895023	8464977017.230	   0.148	8049
59770.895139	8464977003.230	   0.117	8049
59770.895370	8464976984.730	   0.104	8049
59770.895486	8464976971.230	   0.116	8049
59770.895602	8464976960.930	   0.182	8049
59770.895718	8464976953.030	   0.093	8049
59770.895833	8464976938.630	   0.105	8049
59770.895949	8464976929.030	   0.114	8049
59770.896065	8464976918.430	   0.153	8049
59770.896181	8464976904.930	   0.127	8049
59770.896296	8464976896.430	   0.175	8049
59770.896528	8464976875.430	   0.107	8049
59770.896759	8464976852.029	   0.100	8049
59770.896991	8464976828.329	   0.186	8049
59770.897106	8464976817.429	   0.163	8049
59770.897222	8464976807.929	   0.195	8049
59770.897338	8464976799.129	   0.109	8049
59770.897454	8464976785.629	   0.190	8049
59770.897569	8464976777.829	   0.193	8049
59770.897685	8464976764.729	   0.256	8049
59770.897801	8464976754.329	   0.137	8049
59770.897917	8464976741.729	   0.097	8049
59770.898264	8464976711.429	   0.095	8049
59770.898380	8464976702.029	   0.158	8049
59770.898611	8464976677.729	   0.243	8049
59770.898727	8464976669.629	   0.142	8049
59770.898843	8464976658.829	   0.126	8049
59770.898958	8464976644.229	   0.140	8049
59770.899074	8464976634.829	   0.144	8049
59770.899190	8464976622.128	   0.159	8049
59770.899306	8464976613.628	   0.134	8049
59770.899421	8464976602.728	   0.110	8049
59770.899537	8464976591.028	   0.126	8049
59770.899653	8464976582.428	   0.176	8049
59770.899769	8464976569.628	   0.145	8049
59770.899884	8464976560.728	   0.120	8049
59770.900000	8464976548.328	   0.206	8049
59770.900116	8464976537.728	   0.129	8049
59770.900231	8464976528.428	   0.114	8049
59770.900463	8464976502.728	   0.097	8049
59770.900579	8464976494.928	   0.159	8049
59770.900694	8464976482.628	   0.129	8049
59770.900810	8464976472.528	   0.138	8049
59770.900926	8464976463.428	   0.205	8049
59770.901042	8464976450.828	   0.184	8049
59770.901157	8464976437.928	   0.170	8049
59770.901273	8464976431.428	   0.161	8049
59770.901389	8464976416.628	   0.122	8049
59770.901505	8464976408.828	   0.130	8049
59770.901620	8464976396.428	   0.175	8049
59770.901736	8464976384.828	   0.107	8049
59770.901852	8464976376.528	   0.204	8049
59770.901968	8464976366.027	   0.260	8049
59770.902083	8464976356.027	   0.113	8049
59770.902199	8464976345.527	   0.202	8049
59770.902315	8464976332.227	   0.119	8049
59770.902431	8464976323.527	   0.130	8049
59770.902546	8464976310.727	   0.113	8049
59770.902662	8464976303.627	   0.121	8049
59770.902894	8464976278.927	   0.165	8049
59770.903009	8464976268.327	   0.175	8049
59770.903125	8464976258.527	   0.135	8049
59770.903241	8464976247.827	   0.163	8049
59770.903356	8464976238.327	   0.163	8049
59770.903472	8464976227.027	   0.097	8049
59770.903588	8464976215.927	   0.106	8049
59770.903704	8464976205.327	   0.213	8049
59770.903819	8464976194.927	   0.179	8049
59770.903935	8464976182.927	   0.120	8049
59770.904051	8464976174.127	   0.196	8049
59770.904167	8464976161.827	   0.152	8049
59770.904282	8464976151.427	   0.174	8049
59770.904398	8464976143.127	   0.134	8049
59770.904514	8464976128.627	   0.111	8049
59770.904630	8464976120.626	   0.194	8049
59770.904745	8464976111.126	   0.227	8049
59770.904861	8464976099.326	   0.136	8049
59770.904977	8464976088.126	   0.124	8049
59770.905093	8464976079.026	   0.170	8049
59770.905208	8464976069.026	   0.175	8049
59770.905324	8464976058.826	   0.098	8049
59770.905440	8464976045.526	   0.173	8049
59770.905556	8464976033.126	   0.131	8049
59770.905671	8464976025.226	   0.152	8049
59770.905787	8464976016.526	   0.135	8049
59770.905903	8464976005.626	   0.249	8049
59770.906134	8464975984.526	   0.130	8049
59770.906250	8464975973.126	   0.196	8049
59770.906366	8464975961.126	   0.195	8049
59770.906481	8464975949.726	   0.106	8049
59770.906597	8464975938.826	   0.192	8049
59770.906829	8464975917.526	   0.216	8049
59770.906944	8464975906.326	   0.139	8049
59770.907060	8464975898.326	   0.258	8049
59770.907176	8464975889.626	   0.106	8049
59770.907292	8464975877.526	   0.187	8049
59770.907407	8464975868.225	   0.123	8049
59770.907523	8464975858.025	   0.117	8049
59770.907639	8464975843.625	   0.129	8049
59770.907755	8464975834.025	   0.109	8049
59770.907870	8464975825.825	   0.111	8049
59770.907986	8464975813.925	   0.173	8049
59770.908102	8464975804.025	   0.148	8049
59770.908218	8464975792.325	   0.146	8049
59770.908333	8464975782.825	   0.105	8049
59770.908449	8464975772.425	   0.105	8049
59770.908565	8464975760.225	   0.150	8049
59770.908681	8464975752.425	   0.130	8049
59770.908796	8464975740.925	   0.217	8049
59770.908912	8464975730.425	   0.161	8049
59770.909028	8464975719.625	   0.148	8049
59770.909144	8464975707.225	   0.087	8049
59770.909259	8464975699.425	   0.188	8049
59770.909375	8464975689.825	   0.150	8049
59770.909491	8464975674.725	   0.106	8049
59770.909606	8464975668.025	   0.146	8049
59770.909722	8464975658.725	   0.131	8049
59770.909838	8464975645.625	   0.123	8049
59770.909954	8464975634.425	   0.138	8049
59770.910069	8464975624.825	   0.209	8049
59770.910185	8464975615.624	   0.172	8049
59770.910301	8464975607.224	   0.122	8049
59770.910417	8464975595.924	   0.159	8049
59770.910532	8464975583.624	   0.145	8049
59770.910648	8464975574.324	   0.156	8049
59770.910764	8464975563.424	   0.132	8049
59770.910880	8464975554.824	   0.124	8049
59770.910995	8464975542.224	   0.126	8049
59770.911111	8464975534.224	   0.098	8049
59770.911227	8464975521.924	   0.150	8049
59770.966435	8464980253.443	   0.268	8049
59770.966551	8464980250.343	   0.256	8049
59770.966667	8464980244.343	   0.226	8049
59770.966782	8464980239.043	   0.162	8049
59770.966898	8464980234.243	   0.116	8049
59770.967014	8464980229.243	   0.264	8049
59770.967130	8464980224.643	   0.178	8049
59770.967245	8464980219.643	   0.366	8049
59770.967361	8464980214.543	   0.182	8049
59770.967477	8464980208.243	   0.264	8049
59770.967593	8464980202.143	   0.205	8049
59770.967708	8464980197.243	   0.130	8049
59770.967824	8464980191.343	   0.292	8049
59770.967940	8464980186.043	   0.162	8049
59770.968056	8464980181.243	   0.141	8049
59770.968171	8464980177.043	   0.396	8049
59770.968287	8464980172.843	   0.286	8049
59770.968403	8464980166.943	   0.279	8049
59770.968519	8464980163.343	   0.162	8049
59770.968634	8464980155.743	   0.136	8049
59770.968750	8464980151.343	   0.137	8049
59770.968866	8464980145.843	   0.179	8049
59770.968981	8464980141.943	   0.263	8049
59770.969097	8464980136.343	   0.148	8049
59770.969213	8464980129.543	   0.170	8049
59770.969329	8464980125.943	   0.201	8049
59770.969444	8464980120.342	   0.178	8049
59770.969560	8464980115.842	   0.163	8049
59770.969676	8464980111.642	   0.165	8049
59770.969792	8464980105.042	   0.111	8049
59770.969907	8464980101.242	   0.213	8049
59770.970023	8464980095.942	   0.274	8049
59770.970139	8464980089.342	   0.226	8049
59770.970255	8464980084.742	   0.327	8049
59770.970370	8464980080.242	   0.553	8049
59770.970486	8464980075.642	   0.249	8049
59770.970602	8464980070.442	   0.145	8049
59770.970718	8464980065.042	   0.275	8049
59770.970833	8464980059.542	   0.131	8049
59770.970949	8464980055.742	   0.125	8049
59770.971065	8464980049.942	   0.204	8049
59770.971296	8464980041.242	   0.309	8049
59770.971412	8464980035.442	   0.300	8049
59770.971528	8464980031.242	   0.174	8049
59770.971644	8464980025.042	   0.184	8049
59770.971759	8464980020.542	   0.169	8049
59770.971875	8464980016.142	   0.100	8049
59770.972106	8464980005.242	   0.260	8049
59770.972222	8464980000.442	   0.146	8049
59770.972338	8464979996.842	   0.257	8049
59770.972454	8464979991.442	   0.204	8049
59770.972569	8464979985.642	   0.160	8049
59770.972685	8464979981.342	   0.133	8049
59770.972801	8464979976.742	   0.331	8049
59770.972917	8464979971.342	   0.130	8049
59770.973032	8464979966.242	   0.191	8049
59770.973148	8464979961.642	   0.284	8049
59770.973264	8464979957.442	   0.117	8049
59770.973380	8464979951.942	   0.299	8049
59770.973495	8464979947.742	   0.231	8049
59770.973611	8464979941.042	   0.156	8049
59770.973727	8464979937.042	   0.158	8049
59770.973843	8464979931.542	   0.149	8049
59770.973958	8464979928.542	   0.174	8049
59770.974074	8464979922.642	   0.233	8049
59770.974190	8464979918.142	   0.152	8049
59770.974306	8464979912.042	   0.178	8049
59770.974421	8464979907.542	   0.237	8049
59770.974537	8464979902.242	   0.195	8049
59770.974653	8464979896.542	   0.175	8049
59770.974769	8464979892.042	   0.223	8049
59770.974884	8464979886.842	   0.231	8049
59770.975000	8464979881.842	   0.197	8049
59770.975116	8464979875.742	   0.207	8049
59770.975231	8464979872.441	   0.111	8049
59770.975347	8464979866.941	   0.158	8049
59770.975463	8464979863.241	   0.170	8049
59770.975579	8464979858.541	   0.257	8049
59770.975694	8464979854.341	   0.160	8049
59770.975810	8464979847.741	   0.214	8049
59770.975926	8464979842.341	   0.184	8049
59770.976042	8464979837.341	   0.125	8049
59770.976273	8464979826.841	   0.120	8049
59770.976389	8464979821.541	   0.122	8049
59770.976505	8464979817.041	   0.279	8049
59770.976620	8464979812.841	   0.147	8049
59770.976736	8464979807.141	   0.152	8049
59770.976852	8464979802.141	   0.279	8049
59770.976968	8464979797.941	   0.155	8049
59770.977083	8464979791.141	   0.145	8049
59770.977199	8464979787.241	   0.213	8049
59770.977315	8464979783.641	   0.148	8049
59770.977431	8464979778.041	   0.237	8049
59770.977546	8464979772.541	   0.372	8049
59770.977662	8464979767.841	   0.417	8049
59770.977778	8464979762.541	   0.138	8049
59770.977894	8464979757.941	   0.188	8049
59770.978009	8464979753.641	   0.232	8049
59770.978125	8464979748.441	   0.258	8049
59770.978241	8464979742.641	   0.282	8049
59770.978356	8464979738.741	   0.154	8049
59770.978472	8464979733.341	   0.126	8049
59770.978588	8464979728.141	   0.375	8049
59770.978704	8464979724.041	   0.216	8049
59770.978819	8464979719.541	   0.244	8049
59770.978935	8464979714.641	   0.114	8049
59770.979051	8464979710.841	   0.160	8049
59770.979167	8464979706.541	   0.337	8049
59770.979282	8464979699.641	   0.171	8049
59770.979398	8464979694.741	   0.139	8049
59770.979514	8464979691.141	   0.119	8049
59770.979630	8464979685.741	   0.194	8049
59770.979745	8464979680.241	   0.119	8049
59770.979977	8464979671.541	   0.345	8049
59770.980093	8464979666.541	   0.154	8049
59770.980208	8464979663.241	   0.106	8049
59770.981944	8464979590.940	   0.104	8049
59770.982176	8464979581.640	   0.134	8049
59770.982523	8464979566.840	   0.172	8049
59770.982639	8464979563.040	   0.146	8049
59770.982870	8464979551.640	   0.180	8049
59770.983218	8464979535.340	   0.113	8049
59770.983333	8464979533.040	   0.113	8049
59770.983449	8464979526.340	   0.111	8049
59770.983565	8464979523.940	   0.153	8049
59770.983681	8464979517.340	   0.136	8049
59770.983796	8464979512.040	   0.137	8049
59770.984144	8464979497.840	   0.102	8049
59770.984375	8464979489.040	   0.216	8049
59770.984491	8464979483.340	   0.197	8049
59770.984606	8464979479.440	   0.225	8049
59770.984722	8464979474.240	   0.344	8049
59770.984838	8464979469.840	   0.131	8049
59770.984954	8464979464.540	   0.116	8049
59770.985069	8464979461.040	   0.156	8049
59770.985185	8464979455.640	   0.114	8049
59770.985301	8464979451.440	   0.260	8049
59770.985417	8464979446.440	   0.222	8049
59770.985532	8464979443.040	   0.114	8049
59770.985648	8464979436.840	   0.163	8049
59770.985764	8464979431.840	   0.243	8049
59770.985880	8464979426.740	   0.127	8049
59770.985995	8464979421.440	   0.199	8049
59770.986111	8464979417.440	   0.195	8049
59770.986227	8464979412.640	   0.162	8049
59770.986343	8464979408.840	   0.170	8049
59770.986458	8464979403.540	   0.151	8049
59770.986690	8464979394.540	   0.289	8049
59770.986806	8464979389.340	   0.137	8049
59770.986921	8464979384.540	   0.134	8049
59770.987153	8464979374.740	   0.155	8049
59770.987269	8464979371.539	   0.092	8049
59770.987384	8464979366.039	   0.115	8049
59770.987500	8464979360.239	   0.188	8049
59770.987616	8464979357.039	   0.242	8049
59770.987731	8464979352.339	   0.192	8049
59770.987847	8464979346.939	   0.198	8049
59770.987963	8464979342.239	   0.203	8049
59770.988079	8464979338.839	   0.163	8049
59770.988194	8464979333.339	   0.168	8049
59770.988310	8464979330.139	   0.189	8049
59770.988426	8464979324.939	   0.158	8049
59770.988542	8464979320.239	   0.106	8049
59770.988773	8464979311.739	   0.286	8049
59770.988889	8464979307.939	   0.247	8049
59770.989005	8464979302.539	   0.159	8049
59770.989120	8464979297.239	   0.194	8049
59770.989236	8464979293.139	   0.322	8049
59770.989352	8464979288.839	   0.162	8049
59770.989468	8464979284.539	   0.211	8049
59770.989583	8464979280.539	   0.219	8049
59770.989699	8464979274.939	   0.129	8049
59770.989815	8464979269.339	   0.160	8049
59770.989931	8464979266.839	   0.162	8049
59770.990046	8464979262.639	   0.216	8049
59770.990162	8464979256.339	   0.254	8049
59770.990278	8464979251.939	   0.235	8049
59770.990394	8464979247.539	   0.282	8049
59770.990509	8464979242.739	   0.131	8049
59770.990625	8464979238.339	   0.135	8049
59770.990972	8464979223.139	   0.138	8049
59770.991088	8464979220.539	   0.123	8049
59770.991204	8464979214.139	   0.280	8049
59770.991319	8464979210.039	   0.230	8049
59770.991435	8464979205.439	   0.134	8049
59770.991551	8464979201.139	   0.141	8049
59770.991667	8464979196.439	   0.224	8049
59770.991782	8464979191.139	   0.167	8049
59770.991898	8464979187.139	   0.188	8049
59770.992014	8464979182.339	   0.136	8049
59770.992130	8464979177.739	   0.197	8049
59770.992245	8464979173.739	   0.113	8049
59770.992361	8464979167.439	   0.182	8049
59770.992593	8464979158.739	   0.124	8049
59770.992708	8464979154.639	   0.175	8049
59770.992940	8464979144.939	   0.236	8049
59770.993056	8464979140.439	   0.122	8049
59770.993171	8464979136.039	   0.147	8049
59770.993287	8464979131.839	   0.218	8049
59770.993519	8464979122.038	   0.138	8049
59770.993634	8464979119.338	   0.144	8049
59770.993866	8464979109.138	   0.167	8049
59770.993981	8464979103.738	   0.149	8049
59770.994097	8464979099.338	   0.138	8049
59770.994213	8464979096.138	   0.149	8049
59770.994329	8464979091.338	   0.178	8049
59770.994444	8464979085.538	   0.260	8049
59770.994560	8464979081.738	   0.182	8049
59770.994676	8464979077.638	   0.217	8049
59770.994792	8464979073.038	   0.115	8049
59770.994907	8464979068.038	   0.174	8049
59770.995023	8464979063.238	   0.173	8049
59770.995139	8464979060.738	   0.095	8049
59770.995255	8464979055.938	   0.169	8049
59770.995370	8464979050.238	   0.385	8049
59770.995486	8464979046.038	   0.256	8049
59770.995602	8464979040.238	   0.165	8049
59770.995718	8464979037.438	   0.125	8049
59770.995833	8464979033.438	   0.201	8049
59770.995949	8464979028.338	   0.194	8049
59770.996065	8464979024.738	   0.160	8049
59770.996181	8464979019.838	   0.249	8049
59770.996296	8464979014.138	   0.128	8049
59770.996412	8464979011.138	   0.112	8049
59770.996644	8464979002.238	   0.151	8049
59770.996759	8464978998.238	   0.224	8049
59770.996875	8464978993.038	   0.179	8049
59770.996991	8464978989.038	   0.350	8049
59770.997106	8464978984.238	   0.110	8049
59770.997222	8464978979.938	   0.168	8049
59770.997338	8464978975.938	   0.171	8049
59770.997454	8464978971.838	   0.187	8049
59770.997569	8464978967.638	   0.113	8049
59770.997685	8464978962.838	   0.214	8049
59770.997801	8464978959.138	   0.326	8049
59770.997917	8464978954.738	   0.173	8049
59770.998032	8464978949.538	   0.147	8049
59770.998148	8464978946.138	   0.194	8049
59770.998264	8464978942.138	   0.215	8049
59770.998380	8464978936.638	   0.245	8049
59770.998495	8464978933.138	   0.170	8049
59770.998611	8464978928.738	   0.150	8049
59770.998727	8464978922.738	   0.183	8049
59770.998843	8464978918.338	   0.229	8049
59770.998958	8464978914.938	   0.160	8049
59770.999074	8464978910.338	   0.209	8049
59770.999190	8464978906.038	   0.200	8049
59770.999306	8464978900.838	   0.219	8049
59770.999421	8464978897.438	   0.172	8049
59770.999653	8464978888.038	   0.176	8049
59770.999769	8464978883.738	   0.119	8049
59770.999884	8464978880.038	   0.281	8049
59771.000000	8464978875.338	   0.430	8049
59771.000116	8464978871.437	   0.173	8049
59771.000347	8464978862.037	   0.417	8049
59771.000463	8464978856.837	   0.176	8049
59771.000579	8464978853.537	   0.184	8049
59771.000694	8464978849.337	   0.238	8049
59771.000810	8464978843.637	   0.166	8049
59771.000926	8464978839.937	   0.111	8049
59771.001042	8464978834.237	   0.164	8049
59771.001157	8464978831.337	   0.203	8049
59771.001273	8464978827.037	   0.117	8049
59771.001389	8464978822.337	   0.325	8049
59771.001505	8464978816.537	   0.166	8049
59771.001620	8464978812.337	   0.248	8049
59771.001736	8464978808.737	   0.177	8049
59771.001852	8464978802.937	   0.163	8049
59771.001968	8464978799.237	   0.170	8049
59771.002083	8464978795.037	   0.279	8049
59771.002199	8464978791.137	   0.223	8049
59771.002315	8464978786.637	   0.187	8049
59771.002431	8464978782.137	   0.148	8049
59771.002546	8464978778.037	   0.188	8049
59771.002662	8464978773.537	   0.253	8049
59771.002778	8464978769.537	   0.256	8049
59771.002894	8464978765.337	   0.193	8049
59771.003009	8464978760.537	   0.289	8049
59771.003125	8464978756.837	   0.231	8049
59771.003241	8464978751.837	   0.262	8049
59771.003356	8464978748.237	   0.162	8049
59771.003472	8464978744.237	   0.220	8049
59771.003588	8464978739.637	   0.121	8049
59771.003704	8464978736.037	   0.196	8049
59771.003819	8464978730.937	   0.125	8049
59771.003935	8464978727.937	   0.143	8049
59771.004051	8464978723.537	   0.213	8049
59771.004167	8464978719.937	   0.162	8049
59771.004282	8464978714.737	   0.213	8049
59771.004398	8464978710.737	   0.157	8049
59771.004514	8464978706.937	   0.194	8049
59771.004630	8464978702.937	   0.430	8049
59771.004745	8464978699.137	   0.143	8049
59771.004861	8464978693.837	   0.227	8049
59771.004977	8464978690.937	   0.199	8049
59771.005093	8464978685.337	   0.356	8049
59771.005208	8464978682.637	   0.151	8049
59771.005324	8464978677.537	   0.327	8049
59771.005440	8464978673.237	   0.219	8049
59771.005556	8464978668.837	   0.181	8049
59771.005671	8464978665.137	   0.176	8049
59771.005787	8464978661.037	   0.205	8049
59771.006019	8464978653.437	   0.208	8049
59771.006134	8464978649.437	   0.297	8049
59771.006250	8464978644.137	   0.225	8049
59771.006366	8464978639.437	   0.286	8049
59771.006481	8464978634.837	   0.160	8049
59771.006597	8464978630.737	   0.252	8049
59771.006713	8464978627.337	   0.154	8049
59771.006829	8464978622.636	   0.140	8049
59771.006944	8464978618.236	   0.165	8049
59771.007060	8464978614.236	   0.176	8049
59771.007176	8464978609.836	   0.204	8049
59771.007292	8464978604.536	   0.162	8049
59771.007523	8464978597.436	   0.123	8049
59771.007639	8464978592.736	   0.105	8049
59771.007755	8464978587.936	   0.169	8049
59771.007870	8464978584.836	   0.179	8049
59771.007986	8464978579.436	   0.150	8049
59771.008102	8464978575.736	   0.118	8049
59771.008218	8464978570.936	   0.210	8049
59771.008449	8464978563.036	   0.280	8049
59771.008681	8464978554.236	   0.248	8049
59771.008912	8464978546.336	   0.238	8049
59771.009028	8464978543.336	   0.292	8049
59771.009144	8464978538.036	   0.133	8049
59771.009375	8464978530.636	   0.126	8049
59771.009606	8464978521.036	   0.222	8049
59771.009722	8464978517.536	   0.196	8049
59771.009838	8464978513.736	   0.177	8049
59771.009954	8464978509.936	   0.167	8049
59771.010069	8464978505.436	   0.277	8049
59771.010185	8464978501.536	   0.131	8049
59771.010301	8464978496.736	   0.159	8049
59771.010417	8464978493.036	   0.151	8049
59771.010532	8464978489.436	   0.207	8049
59771.010648	8464978485.436	   0.182	8049
59771.010764	8464978480.236	   0.172	8049
59771.010880	8464978475.436	   0.171	8049
59771.010995	8464978471.536	   0.303	8049
59771.011111	8464978468.036	   0.140	8049
59771.011227	8464978464.136	   0.229	8049
59771.011343	8464978460.136	   0.176	8049
59771.011458	8464978456.436	   0.295	8049
59771.011574	8464978452.636	   0.223	8049
59771.011690	8464978447.936	   0.264	8049
59771.011806	8464978445.236	   0.166	8049
59771.011921	8464978441.236	   0.197	8049
59771.012037	8464978436.036	   0.151	8049
59771.012153	8464978431.436	   0.112	8049
59771.012269	8464978428.236	   0.150	8049
59771.012384	8464978423.636	   0.139	8049
59771.012500	8464978421.336	   0.289	8049
59771.012616	8464978416.636	   0.142	8049
59771.012731	8464978413.136	   0.233	8049
59771.012963	8464978403.736	   0.159	8049
59771.013079	8464978400.936	   0.222	8049
59771.013194	8464978397.036	   0.122	8049
59771.013310	8464978393.336	   0.209	8049
59771.013426	8464978388.836	   0.178	8049
59771.013542	8464978385.836	   0.253	8049
59771.013657	8464978381.436	   0.495	8049
59771.013773	8464978376.536	   0.272	8049
59771.013889	8464978373.935	   0.169	8049
59771.014005	8464978370.235	   0.140	8049
59771.014120	8464978365.735	   0.203	8049
59771.014236	8464978359.935	   0.133	8049
59771.014352	8464978357.535	   0.145	8049
59771.014468	8464978352.535	   0.261	8049
59771.014583	8464978348.535	   0.260	8049
59771.014699	8464978344.635	   0.177	8049
59771.014815	8464978340.735	   0.179	8049
59771.014931	8464978336.135	   0.169	8049
59771.015046	8464978331.535	   0.221	8049
59771.015162	8464978328.735	   0.156	8049
59771.015394	8464978319.935	   0.186	8049
59771.015509	8464978315.035	   0.194	8049
59771.015625	8464978311.935	   0.200	8049
59771.015741	8464978308.435	   0.281	8049
59771.015856	8464978304.135	   0.169	8049
59771.016088	8464978296.235	   0.148	8049
59771.016204	8464978291.935	   0.223	8049
59771.016319	8464978288.935	   0.138	8049
59771.016435	8464978284.335	   0.169	8049
59771.016551	8464978280.235	   0.174	8049
59771.016667	8464978276.735	   0.136	8049
59771.016782	8464978271.735	   0.223	8049
59771.016898	8464978268.735	   0.118	8049
59771.017014	8464978263.635	   0.251	8049
59771.017130	8464978261.335	   0.106	8049
59771.017245	8464978256.535	   0.220	8049
59771.017361	8464978252.635	   0.243	8049
59771.017477	8464978249.735	   0.198	8049
59771.017708	8464978241.835	   0.212	8049
59771.017824	8464978237.635	   0.227	8049
59771.017940	8464978233.335	   0.559	8049
59771.018056	8464978229.635	   0.192	8049
59771.018171	8464978226.435	   0.267	8049
59771.018287	8464978221.435	   0.146	8049
59771.018403	8464978217.435	   0.178	8049
59771.018519	8464978214.435	   0.319	8049
59771.018634	8464978210.835	   0.211	8049
59771.018750	8464978205.635	   0.392	8049
59771.018866	8464978202.835	   0.269	8049
59771.018981	8464978199.635	   0.243	8049
59771.019097	8464978194.635	   0.140	8049
59771.019213	8464978192.035	   0.217	8049
59771.019329	8464978186.435	   0.142	8049
59771.019444	8464978184.235	   0.404	8049
59771.019560	8464978181.235	   0.170	8049
59771.019792	8464978173.635	   0.205	8049
59771.019907	8464978169.335	   0.207	8049
59771.020023	8464978165.135	   0.198	8049
59771.020139	8464978162.435	   0.548	8049
59771.020255	8464978159.235	   0.214	8049
59771.020370	8464978155.135	   0.270	8049
59771.020486	8464978150.735	   0.161	8049
59771.020602	8464978148.435	   0.218	8049
59771.020718	8464978143.335	   0.180	8049
59771.020833	8464978140.335	   0.195	8049
59771.020949	8464978134.135	   0.211	8049
59771.021181	8464978128.035	   0.257	8049
59771.021296	8464978123.934	   0.284	8049
59771.021528	8464978115.634	   0.174	8049
59771.021644	8464978110.934	   0.237	8049
59771.021875	8464978103.634	   0.326	8049
59771.021991	8464978100.734	   0.197	8049
59771.022106	8464978095.934	   0.120	8049
59771.022338	8464978089.434	   0.145	8049
59771.022685	8464978077.934	   0.206	8049
59771.022801	8464978074.034	   0.213	8049
59771.022917	8464978070.134	   0.133	8049
59771.023032	8464978064.634	   0.147	8049
59771.023148	8464978062.034	   0.186	8049
59771.023380	8464978055.534	   0.175	8049
59771.023495	8464978050.634	   0.161	8049
59771.023958	8464978035.134	   0.243	8049
59771.024190	8464978029.234	   0.228	8049
59771.024306	8464978025.934	   0.185	8049
59771.024421	8464978021.434	   0.261	8049
59771.024537	8464978017.034	   0.345	8049
59771.024653	8464978013.834	   0.217	8049
59771.025000	8464978002.534	   0.354	8049
59771.025116	8464977999.734	   0.227	8049
59771.025347	8464977992.734	   0.212	8049
59771.025463	8464977987.634	   0.214	8049
59771.025694	8464977982.134	   0.161	8049
59771.025810	8464977977.834	   0.184	8049
59770.909259	8464975699.425	   0.188	8049
59770.909606	8464975668.025	   0.146	8049
59770.909722	8464975658.725	   0.131	8049
59770.910069	8464975624.825	   0.209	8049
59770.910185	8464975615.624	   0.172	8049
59770.910648	8464975574.324	   0.156	8049
59770.910764	8464975563.424	   0.132	8049
59770.910880	8464975554.824	   0.124	8049
59770.911227	8464975521.924	   0.150	8049
59770.911343	8464975512.624	   0.189	8049
59770.911458	8464975500.524	   0.308	8049
59770.911574	8464975493.224	   0.132	8049
59770.911806	8464975471.624	   0.131	8049
59770.912037	8464975448.524	   0.111	8049
59770.912153	8464975439.424	   0.184	8049
59770.912269	8464975429.924	   0.138	8049
59770.912616	8464975397.924	   0.142	8049
59770.913194	8464975347.923	   0.177	8049
59770.913310	8464975336.523	   0.212	8049
59770.913426	8464975326.923	   0.140	8049
59770.913542	8464975317.023	   0.179	8049
59770.913889	8464975284.023	   0.141	8049
59770.914005	8464975275.123	   0.141	8049
59770.914120	8464975265.223	   0.102	8049
59770.914815	8464975201.923	   0.150	8049
59770.914931	8464975192.923	   0.105	8049
59770.915162	8464975173.023	   0.204	8049
59770.915394	8464975151.423	   0.177	8049
59770.915509	8464975141.023	   0.158	8049
59770.915741	8464975121.722	   0.207	8049
59770.915856	8464975111.922	   0.205	8049
59770.915972	8464975101.222	   0.259	8049
59770.916319	8464975071.122	   0.190	8049
59770.916551	8464975049.422	   0.123	8049
59770.916667	8464975040.822	   0.184	8049
59770.916782	8464975030.122	   0.177	8049
59770.916898	8464975021.222	   0.197	8049
59770.917014	8464975009.922	   0.217	8049
59770.917477	8464974968.822	   0.176	8049
59770.917593	8464974959.722	   0.223	8049
59770.917708	8464974949.422	   0.134	8049
59770.917824	8464974941.422	   0.120	8049
59770.917940	8464974929.022	   0.271	8049
59770.918056	8464974920.422	   0.153	8049
59770.918171	8464974911.522	   0.123	8049
59770.918403	8464974888.822	   0.158	8049
59770.918750	8464974861.221	   0.120	8049
59770.918981	8464974839.321	   0.153	8049
59770.919329	8464974810.521	   0.188	8049
59770.919444	8464974799.521	   0.186	8049
59770.919560	8464974789.221	   0.204	8049
59770.919676	8464974778.021	   0.211	8049
59770.919792	8464974768.321	   0.151	8049
59770.920139	8464974739.221	   0.222	8049
59770.920255	8464974728.921	   0.166	8049
59770.920486	8464974708.721	   0.160	8049
59770.920718	8464974689.021	   0.225	8049
59770.920949	8464974668.221	   0.192	8049
59770.921065	8464974658.421	   0.151	8049
59770.921528	8464974618.420	   0.159	8049
59770.921875	8464974591.420	   0.120	8049
59770.921991	8464974579.120	   0.115	8049
59770.922454	8464974542.820	   0.134	8049
59770.922801	8464974513.720	   0.145	8049
59770.922917	8464974502.820	   0.181	8049
59770.923148	8464974482.020	   0.113	8049
59770.923264	8464974473.720	   0.138	8049
59770.923611	8464974442.920	   0.166	8049
59770.923843	8464974422.020	   0.150	8049
59770.923958	8464974412.920	   0.144	8049
59770.924074	8464974402.920	   0.181	8049
59770.924190	8464974393.420	   0.167	8049
59770.924306	8464974382.620	   0.173	8049
59770.924537	8464974363.419	   0.204	8049
59770.924653	8464974355.619	   0.239	8049
59770.924769	8464974345.119	   0.199	8049
59770.925000	8464974325.319	   0.189	8049
59770.925694	8464974266.319	   0.205	8049
59770.925926	8464974246.219	   0.240	8049
59770.926273	8464974218.719	   0.150	8049
59770.926389	8464974208.219	   0.164	8049
59770.926505	8464974199.919	   0.261	8049
59770.926620	8464974191.419	   0.146	8049
59770.926736	8464974180.219	   0.212	8049
59770.927315	8464974131.919	   0.115	8049
59770.927546	8464974111.018	   0.198	8049
59770.927662	8464974104.718	   0.163	8049
59770.927778	8464974093.418	   0.152	8049
59770.927894	8464974085.618	   0.131	8049
59770.928009	8464974073.218	   0.274	8049
59770.928125	8464974065.418	   0.197	8049
59770.928356	8464974043.618	   0.208	8049
59770.928704	8464974014.518	   0.181	8049
59770.928819	8464974007.418	   0.127	8049
59770.929051	8464973986.818	   0.133	8049
59770.929167	8464973980.318	   0.197	8049
59770.929282	8464973969.518	   0.200	8049
59770.929398	8464973959.118	   0.306	8049
59770.929861	8464973920.518	   0.179	8049
59770.930093	8464973900.518	   0.236	8049
59770.930208	8464973893.118	   0.285	8049
59770.930556	8464973863.617	   0.203	8049
59770.930787	8464973845.517	   0.191	8049
59770.930903	8464973835.817	   0.167	8049
59770.931134	8464973818.017	   0.180	8049
59770.931597	8464973777.917	   0.161	8049
59770.931713	8464973770.117	   0.202	8049
59770.931829	8464973759.017	   0.151	8049
59770.931944	8464973749.417	   0.159	8049
59770.932060	8464973742.117	   0.137	8049
59770.932407	8464973713.917	   0.114	8049
59770.932523	8464973704.017	   0.142	8049
59770.932639	8464973694.717	   0.175	8049
59770.933102	8464973656.517	   0.176	8049
59770.933333	8464973637.317	   0.136	8049
59770.933681	8464973610.816	   0.207	8049
59770.933912	8464973592.716	   0.172	8049
59770.934722	8464973526.016	   0.140	8049
59770.934954	8464973506.816	   0.206	8049
59770.935185	8464973488.016	   0.173	8049
59770.935532	8464973461.316	   0.181	8049
59770.935648	8464973452.916	   0.310	8049
59770.935764	8464973443.016	   0.226	8049
59770.935880	8464973434.116	   0.186	8049
59770.936111	8464973415.516	   0.137	8049
59770.936343	8464973396.316	   0.183	8049
59770.936690	8464973369.715	   0.197	8049
59770.937384	8464973314.415	   0.081	8049
59770.937616	8464973296.315	   0.118	8049
59770.938079	8464973260.415	   0.130	8049
59770.938194	8464973250.915	   0.154	8049
59770.938310	8464973241.215	   0.100	8049
59770.938773	8464973204.015	   0.136	8049
59770.938889	8464973195.415	   0.197	8049
59770.939005	8464973185.515	   0.104	8049
59770.939236	8464973170.515	   0.173	8049
59770.939352	8464973158.715	   0.103	8049
59770.940278	8464973087.914	   0.208	8049
59770.940741	8464973051.814	   0.193	8049
59770.940856	8464973042.914	   0.151	8049
59770.941435	8464972998.314	   0.143	8049
59770.941667	8464972983.014	   0.102	8049
59770.942014	8464972954.814	   0.192	8049
59770.942130	8464972945.814	   0.131	8049
59770.943171	8464972865.413	   0.164	8049
59770.943403	8464972847.813	   0.162	8049
59770.943519	8464972836.313	   0.117	8049
59770.943750	8464972821.213	   0.209	8049
59770.944329	8464972778.413	   0.145	8049
59770.944444	8464972770.313	   0.098	8049
59770.944792	8464972742.613	   0.184	8049
59770.945602	8464972682.113	   0.242	8049
59770.945718	8464972673.913	   0.154	8049
59770.946065	8464972647.013	   0.191	8049
59770.946759	8464972595.612	   0.163	8049
59770.946991	8464972577.912	   0.174	8049
59770.947338	8464972553.512	   0.186	8049
59770.947454	8464972544.712	   0.205	8049
59770.947569	8464972534.112	   0.252	8049
59770.947801	8464972516.612	   0.205	8049
59770.947917	8464972508.012	   0.173	8049
59770.948032	8464972501.512	   0.168	8049
59770.948148	8464972492.812	   0.098	8049
59770.948264	8464972483.912	   0.190	8049
59770.948380	8464972475.912	   0.136	8049
59770.948495	8464972466.812	   0.249	8049
59770.948611	8464972457.912	   0.228	8049
59770.948727	8464972450.312	   0.163	8049
59770.948843	8464972441.712	   0.163	8049
59770.948958	8464972433.112	   0.095	8049
59770.949074	8464972423.812	   0.122	8049
59770.949190	8464972414.512	   0.133	8049
59770.949306	8464972406.312	   0.193	8049
59770.949421	8464972399.312	   0.145	8049
59770.949537	8464972390.312	   0.187	8049
59770.949653	8464972382.312	   0.181	8049
59770.949769	8464972375.012	   0.217	8049
59770.949884	8464972363.911	   0.206	8049
59770.950000	8464972356.311	   0.141	8049
59770.950116	8464972347.311	   0.154	8049
59770.950231	8464972340.111	   0.271	8049
59770.950463	8464972321.211	   0.223	8049
59770.950810	8464972296.511	   0.089	8049
59770.951389	8464972256.011	   0.152	8049
59770.951505	8464972247.311	   0.139	8049
59770.951736	8464972231.011	   0.169	8049
59770.951852	8464972223.811	   0.120	8049
59770.952199	8464972198.711	   0.276	8049
59770.952315	8464972187.911	   0.185	8049
59770.952546	8464972171.911	   0.162	8049
59770.952662	8464972164.511	   0.327	8049
59770.952778	8464972154.411	   0.177	8049
59770.953009	8464972137.111	   0.161	8049
59770.953241	8464972123.610	   0.179	8049
59770.953472	8464972104.310	   0.155	8049
59770.953588	8464972098.110	   0.183	8049
59770.953704	8464972088.410	   0.211	8049
59770.953935	8464972071.410	   0.213	8049
59770.954051	8464972065.010	   0.122	8049
59770.954167	8464972055.010	   0.216	8049
59770.954282	8464972047.910	   0.191	8049
59770.954398	8464972039.910	   0.133	8049
59770.954514	8464972032.010	   0.212	8049
59770.954630	8464972023.910	   0.186	8049
59770.954745	8464972015.110	   0.162	8049
59770.954861	8464972008.110	   0.319	8049
59770.955093	8464971990.210	   0.172	8049
59770.955208	8464971985.110	   0.207	8049
59770.955324	8464971975.810	   0.228	8049
59770.955440	8464971966.510	   0.174	8049
59770.955556	8464971958.110	   0.410	8049
59770.955671	8464971949.610	   0.246	8049
59770.956019	8464971925.810	   0.191	8049
59770.956134	8464971917.610	   0.146	8049
59770.956366	8464971901.810	   0.156	8049
59770.956481	8464971894.210	   0.218	8049
59770.956597	8464971884.210	   0.192	8049
59770.956713	8464971877.510	   0.188	8049
59770.956829	8464971869.609	   0.180	8049
59770.957060	8464971852.209	   0.246	8049
59770.957292	8464971836.409	   0.192	8049
59770.957407	8464971829.209	   0.212	8049
59770.957523	8464971821.709	   0.118	8049
59770.957755	8464971805.309	   0.174	8049
59770.957870	8464971796.409	   0.258	8049
59770.958102	8464971779.809	   0.189	8049
59770.958218	8464971773.509	   0.252	8049
59770.958333	8464971764.709	   0.140	8049
59770.958449	8464971758.809	   0.211	8049
59770.958565	8464971748.809	   0.264	8049
59770.958681	8464971740.209	   0.331	8049
59770.959144	8464971709.709	   0.171	8049
59770.959375	8464971694.409	   0.195	8049
59770.959606	8464971677.509	   0.179	8049
59770.959838	8464971661.509	   0.209	8049
59770.959954	8464971654.709	   0.224	8049
59770.960069	8464971646.009	   0.127	8049
59770.960532	8464971614.008	   0.161	8049
59770.960880	8464971590.708	   0.185	8049
59770.960995	8464971582.708	   0.141	8049
59770.961111	8464971577.308	   0.378	8049
59770.961227	8464971568.108	   0.251	8049
59770.961343	8464971561.008	   0.186	8049
59770.961690	8464971536.708	   0.402	8049
59770.961806	8464971531.308	   0.141	8049
59770.962153	8464971506.208	   0.243	8049
59770.962269	8464971499.008	   0.194	8049
59770.962384	8464971490.408	   0.190	8049
59770.962500	8464971482.308	   0.155	8049
59770.962616	8464971475.908	   0.204	8049
59770.962731	8464971467.808	   0.203	8049
59770.962847	8464971458.408	   0.140	8049
59770.963079	8464971445.108	   0.177	8049
59770.963194	8464971437.908	   0.127	8049
59770.963310	8464971429.008	   0.194	8049
59770.963426	8464971422.908	   0.135	8049
59770.963657	8464971406.108	   0.149	8049
59770.963889	8464971391.308	   0.255	8049
59770.964005	8464971381.708	   0.282	8049
59770.964120	8464971374.307	   0.175	8049
59770.964236	8464971367.707	   0.204	8049
59770.964352	8464971360.807	   0.187	8049
59770.964468	8464971353.107	   0.225	8049
59770.964583	8464971345.707	   0.295	8049
59770.964699	8464971338.407	   0.251	8049
59770.964931	8464971324.907	   0.125	8049
59770.965162	8464971306.707	   0.162	8049
59770.965278	8464971299.907	   0.211	8049
59770.965394	8464971293.107	   0.152	8049
