59768.833275	8464978935.570	   0.128	8049
59768.833391	8464978924.670	   0.310	8049
59768.833507	8464978912.270	   0.221	8049
59768.833623	8464978901.670	   0.169	8049
59768.833738	8464978888.769	   0.255	8049
59768.833854	8464978877.069	   0.121	8049
59768.834086	8464978855.069	   0.187	8049
59768.834201	8464978840.069	   0.206	8049
59768.834317	8464978828.969	   0.193	8049
59768.834433	8464978817.669	   0.248	8049
59768.834549	8464978803.569	   0.200	8049
59768.834664	8464978796.469	   0.165	8049
59768.834780	8464978782.869	   0.189	8049
59768.834896	8464978768.569	   0.209	8049
59768.835012	8464978758.369	   0.219	8049
59768.835127	8464978746.269	   0.192	8049
59768.835243	8464978733.569	   0.160	8049
59768.835359	8464978722.169	   0.195	8049
59768.835475	8464978710.769	   0.321	8049
59768.835590	8464978699.668	   0.227	8049
59768.835706	8464978686.068	   0.238	8049
59768.835822	8464978676.868	   0.178	8049
59768.835937	8464978665.368	   0.181	8049
59768.836053	8464978652.768	   0.324	8049
59768.836169	8464978639.568	   0.201	8049
59768.836285	8464978628.768	   0.215	8049
59768.836400	8464978616.468	   0.244	8049
59768.836516	8464978604.768	   0.169	8049
59768.836632	8464978592.568	   0.198	8049
59768.836748	8464978582.268	   0.154	8049
59768.836863	8464978568.768	   0.158	8049
59768.836979	8464978556.968	   0.158	8049
59768.837095	8464978544.268	   0.189	8049
59768.837211	8464978533.968	   0.284	8049
59768.837326	8464978521.968	   0.135	8049
59768.837442	8464978510.368	   0.323	8049
59768.837558	8464978497.967	   0.126	8049
59768.837674	8464978486.867	   0.148	8049
59768.837789	8464978474.467	   0.234	8049
59768.837905	8464978461.567	   0.160	8049
59768.838021	8464978450.167	   0.183	8049
59768.838137	8464978438.867	   0.194	8049
59768.838252	8464978427.367	   0.179	8049
59768.838368	8464978413.167	   0.269	8049
59768.838484	8464978401.867	   0.269	8049
59768.838600	8464978391.367	   0.319	8049
59768.838715	8464978381.267	   0.200	8049
59768.838831	8464978369.667	   0.136	8049
59768.838947	8464978355.367	   0.135	8049
59768.839063	8464978343.367	   0.332	8049
59768.839178	8464978330.867	   0.226	8049
59768.839294	8464978318.167	   0.179	8049
59768.839410	8464978306.567	   0.215	8049
59768.839525	8464978296.266	   0.218	8049
59768.839641	8464978284.766	   0.168	8049
59768.839757	8464978272.766	   0.273	8049
59768.839873	8464978262.866	   0.111	8049
59768.839988	8464978247.366	   0.185	8049
59768.840104	8464978237.366	   0.156	8049
59768.840220	8464978226.566	   0.163	8049
59768.840336	8464978215.466	   0.161	8049
59768.840451	8464978200.766	   0.178	8049
59768.840567	8464978189.166	   0.195	8049
59768.840683	8464978176.266	   0.193	8049
59768.840799	8464978163.966	   0.184	8049
59768.840914	8464978154.066	   0.180	8049
59768.841030	8464978143.166	   0.236	8049
59768.841146	8464978131.066	   0.262	8049
59768.841262	8464978116.566	   0.123	8049
59768.841377	8464978106.866	   0.217	8049
59768.841493	8464978095.265	   0.157	8049
59768.841609	8464978082.965	   0.199	8049
59768.841725	8464978073.465	   0.150	8049
59768.841840	8464978058.265	   0.178	8049
59768.841956	8464978049.565	   0.207	8049
59768.842072	8464978035.165	   0.199	8049
59768.842187	8464978022.565	   0.177	8049
59768.842303	8464978012.465	   0.168	8049
59768.842419	8464978001.265	   0.168	8049
59768.842535	8464977991.765	   0.162	8049
59768.842650	8464977977.765	   0.205	8049
59768.842766	8464977963.065	   0.274	8049
59768.842882	8464977955.265	   0.189	8049
59768.842998	8464977942.365	   0.231	8049
59768.843113	8464977928.665	   0.166	8049
59768.843229	8464977918.765	   0.209	8049
59768.843345	8464977904.465	   0.202	8049
59768.843461	8464977896.164	   0.167	8049
59768.843576	8464977881.864	   0.147	8049
59768.843692	8464977867.964	   0.191	8049
59768.843808	8464977859.064	   0.160	8049
59768.843924	8464977846.964	   0.212	8049
59768.844039	8464977834.564	   0.195	8049
59768.844155	8464977824.064	   0.163	8049
59768.844271	8464977812.964	   0.203	8049
59768.844387	8464977798.864	   0.151	8049
59768.844502	8464977788.564	   0.257	8049
59768.844618	8464977775.564	   0.145	8049
59768.844734	8464977765.364	   0.153	8049
59768.844850	8464977754.064	   0.143	8049
59768.844965	8464977740.664	   0.215	8049
59768.845081	8464977728.964	   0.226	8049
59768.845197	8464977717.264	   0.143	8049
59768.845313	8464977704.764	   0.277	8049
59768.845428	8464977692.863	   0.266	8049
59768.845544	8464977682.063	   0.202	8049
59768.845660	8464977669.363	   0.234	8049
59768.845775	8464977657.063	   0.186	8049
59768.845891	8464977646.863	   0.194	8049
59768.846007	8464977631.363	   0.152	8049
59768.846123	8464977622.863	   0.254	8049
59768.846238	8464977610.763	   0.218	8049
59768.846354	8464977600.363	   0.219	8049
59768.846470	8464977586.563	   0.203	8049
59768.846586	8464977577.063	   0.132	8049
59768.846701	8464977564.063	   0.376	8049
59768.846817	8464977553.763	   0.288	8049
59768.846933	8464977540.263	   0.264	8049
59768.847049	8464977528.163	   0.240	8049
59768.847164	8464977514.563	   0.176	8049
59768.847280	8464977505.663	   0.235	8049
59768.847396	8464977493.862	   0.156	8049
59768.847512	8464977481.362	   0.123	8049
59768.847627	8464977467.362	   0.165	8049
59768.847743	8464977458.462	   0.374	8049
59768.847859	8464977445.662	   0.148	8049
59768.847975	8464977434.462	   0.185	8049
59768.848090	8464977424.762	   0.192	8049
59768.848206	8464977411.462	   0.201	8049
59768.848322	8464977401.962	   0.241	8049
59768.848438	8464977386.262	   0.199	8049
59768.848553	8464977374.062	   0.174	8049
59768.848669	8464977366.062	   0.157	8049
59768.848785	8464977350.462	   0.267	8049
59768.848900	8464977340.962	   0.240	8049
59768.849016	8464977328.662	   0.271	8049
59768.849132	8464977315.962	   0.175	8049
59768.849248	8464977306.862	   0.231	8049
59768.849363	8464977295.061	   0.194	8049
59768.849479	8464977282.961	   0.223	8049
59768.849595	8464977269.761	   0.316	8049
59768.849711	8464977257.061	   0.288	8049
59768.849826	8464977245.561	   0.329	8049
59768.849942	8464977235.861	   0.168	8049
59768.850058	8464977223.161	   0.350	8049
59768.850174	8464977212.461	   0.247	8049
59768.850289	8464977199.861	   0.298	8049
59768.850405	8464977187.561	   0.256	8049
59768.850521	8464977176.961	   0.304	8049
59768.850637	8464977161.961	   0.212	8049
59768.850752	8464977152.961	   0.237	8049
59768.850868	8464977140.661	   0.300	8049
59768.850984	8464977127.761	   0.151	8049
59768.851100	8464977118.961	   0.405	8049
59768.851215	8464977105.161	   0.177	8049
59768.851331	8464977091.960	   0.146	8049
59768.851447	8464977081.160	   0.476	8049
59768.851562	8464977069.060	   0.138	8049
59768.851678	8464977056.260	   0.196	8049
59768.851794	8464977048.060	   0.168	8049
59768.851910	8464977033.260	   0.249	8049
59768.852025	8464977025.060	   0.252	8049
59768.852141	8464977011.660	   0.380	8049
59768.852257	8464977001.960	   0.209	8049
59768.852373	8464976989.060	   0.163	8049
59768.852488	8464976974.860	   0.195	8049
59768.852604	8464976964.660	   0.277	8049
59768.852720	8464976953.660	   0.236	8049
59768.852836	8464976943.860	   0.239	8049
59768.852951	8464976930.460	   0.248	8049
59768.853067	8464976915.960	   0.146	8049
59768.853183	8464976906.760	   0.207	8049
59768.853299	8464976893.459	   0.268	8049
59768.853414	8464976881.959	   0.230	8049
59768.853530	8464976870.259	   0.156	8049
59768.853646	8464976857.059	   0.362	8049
59768.853762	8464976847.959	   0.320	8049
59768.853877	8464976836.759	   0.237	8049
59768.853993	8464976824.259	   0.160	8049
59768.854109	8464976814.259	   0.253	8049
59768.854225	8464976799.659	   0.178	8049
59768.854340	8464976789.059	   0.169	8049
59768.854456	8464976778.259	   0.242	8049
59768.854572	8464976766.159	   0.300	8049
59768.854688	8464976752.359	   0.208	8049
59768.854803	8464976744.059	   0.217	8049
59768.854919	8464976731.259	   0.327	8049
59768.855035	8464976719.859	   0.140	8049
59768.855150	8464976707.059	   0.191	8049
59768.855266	8464976696.358	   0.165	8049
59768.855382	8464976682.858	   0.191	8049
59768.855498	8464976673.858	   0.341	8049
59768.855613	8464976659.858	   0.224	8049
59768.855729	8464976649.658	   0.245	8049
59768.855845	8464976639.158	   0.205	8049
59768.855961	8464976624.858	   0.182	8049
59768.856076	8464976616.258	   0.159	8049
59768.856192	8464976601.858	   0.237	8049
59768.856308	8464976590.058	   0.204	8049
59768.856424	8464976579.558	   0.287	8049
59768.856539	8464976567.858	   0.286	8049
59768.856655	8464976555.258	   0.259	8049
59768.856771	8464976543.158	   0.189	8049
59768.856887	8464976532.258	   0.197	8049
59768.857002	8464976521.158	   0.201	8049
59768.857118	8464976506.558	   0.187	8049
59768.857234	8464976496.357	   0.257	8049
59768.857350	8464976487.757	   0.237	8049
59768.857465	8464976472.957	   0.272	8049
59768.857581	8464976463.157	   0.185	8049
59768.857697	8464976451.357	   0.249	8049
59768.857812	8464976438.857	   0.175	8049
59768.857928	8464976425.857	   0.195	8049
59768.858044	8464976417.257	   0.196	8049
59768.858160	8464976403.857	   0.250	8049
59768.858275	8464976392.057	   0.273	8049
59768.858391	8464976383.157	   0.166	8049
59768.858507	8464976369.957	   0.156	8049
59768.858623	8464976357.557	   0.240	8049
59768.858738	8464976346.257	   0.293	8049
59768.858854	8464976336.057	   0.145	8049
59768.858970	8464976323.357	   0.166	8049
59768.859086	8464976311.857	   0.184	8049
59768.859201	8464976299.256	   0.151	8049
59768.859317	8464976287.556	   0.477	8049
59768.859433	8464976275.556	   0.249	8049
59768.859549	8464976266.256	   0.193	8049
59768.859664	8464976254.756	   0.405	8049
59768.859780	8464976241.256	   0.574	8049
59768.859896	8464976230.056	   0.249	8049
59768.860012	8464976217.356	   0.315	8049
59768.860127	8464976206.156	   0.160	8049
59768.860243	8464976192.556	   0.130	8049
59768.860359	8464976184.856	   0.220	8049
59768.860475	8464976173.456	   0.204	8049
59768.860590	8464976159.456	   0.243	8049
59768.860706	8464976149.756	   0.176	8049
59768.860822	8464976138.256	   0.333	8049
59768.860938	8464976124.656	   0.234	8049
59768.861053	8464976116.356	   0.164	8049
59768.861169	8464976102.056	   0.243	8049
59768.861285	8464976090.155	   0.192	8049
59768.861400	8464976078.855	   0.292	8049
59768.861516	8464976068.955	   0.218	8049
59768.861632	8464976057.155	   0.268	8049
59768.861748	8464976047.555	   0.234	8049
59768.861863	8464976033.655	   0.244	8049
59768.861979	8464976022.455	   0.261	8049
59768.862095	8464976008.055	   0.192	8049
59768.862211	8464975999.355	   0.179	8049
59768.862326	8464975986.255	   0.203	8049
59768.862442	8464975976.355	   0.297	8049
59768.862558	8464975963.855	   0.294	8049
59768.862674	8464975951.655	   0.214	8049
59768.862789	8464975938.455	   0.229	8049
59768.862905	8464975928.955	   0.158	8049
59768.863021	8464975917.055	   0.243	8049
59768.863137	8464975905.055	   0.224	8049
59768.863252	8464975895.954	   0.200	8049
59768.863368	8464975882.954	   0.301	8049
59768.863484	8464975873.254	   0.239	8049
59768.863600	8464975855.954	   0.163	8049
59768.863715	8464975848.154	   0.254	8049
59768.863831	8464975837.354	   0.245	8049
59768.863947	8464975825.354	   0.168	8049
59768.864063	8464975812.854	   0.263	8049
59768.864178	8464975802.154	   0.165	8049
59768.864294	8464975791.654	   0.155	8049
59768.864410	8464975779.954	   0.263	8049
59768.864525	8464975767.654	   0.234	8049
59768.864641	8464975754.454	   0.203	8049
59768.864757	8464975745.154	   0.309	8049
59768.864873	8464975735.054	   0.176	8049
59768.864988	8464975721.254	   0.181	8049
59768.865104	8464975709.754	   0.218	8049
59768.865220	8464975696.953	   0.253	8049
59768.865336	8464975687.853	   0.294	8049
59768.865451	8464975675.853	   0.150	8049
59768.865567	8464975662.553	   0.340	8049
59768.865683	8464975653.853	   0.269	8049
59768.865799	8464975640.353	   0.155	8049
59768.865914	8464975628.553	   0.190	8049
59768.866030	8464975617.053	   0.247	8049
59768.866146	8464975605.953	   0.249	8049
59768.866262	8464975596.453	   0.241	8049
59768.866377	8464975584.253	   0.260	8049
59768.866493	8464975572.953	   0.283	8049
59768.866609	8464975560.553	   0.221	8049
59768.866725	8464975546.753	   0.228	8049
59768.866840	8464975539.053	   0.189	8049
59768.866956	8464975526.053	   0.499	8049
59768.867072	8464975516.453	   0.184	8049
59768.867187	8464975504.353	   0.333	8049
59768.867303	8464975492.152	   0.152	8049
59768.867419	8464975477.752	   0.182	8049
59768.867535	8464975467.852	   0.247	8049
59768.867650	8464975458.352	   0.166	8049
59768.867766	8464975445.652	   0.215	8049
59768.867882	8464975434.252	   0.179	8049
59768.867998	8464975421.552	   0.162	8049
59768.868113	8464975411.552	   0.146	8049
59768.868229	8464975398.952	   0.171	8049
59768.868345	8464975389.852	   0.271	8049
59768.868461	8464975379.152	   0.219	8049
59768.868576	8464975366.252	   0.230	8049
59768.868692	8464975355.752	   0.162	8049
59768.868808	8464975343.252	   0.218	8049
59768.868924	8464975331.552	   0.244	8049
59768.869039	8464975319.952	   0.168	8049
59768.869155	8464975309.052	   0.189	8049
59768.869271	8464975295.851	   0.192	8049
59768.869387	8464975283.851	   0.311	8049
59768.869502	8464975274.751	   0.134	8049
59768.869618	8464975263.751	   0.151	8049
59768.869734	8464975250.551	   0.158	8049
59768.869850	8464975238.551	   0.367	8049
59768.869965	8464975230.151	   0.141	8049
59768.870081	8464975216.451	   0.218	8049
59768.870197	8464975203.851	   0.181	8049
59768.870313	8464975193.151	   0.208	8049
59768.870428	8464975181.651	   0.179	8049
59768.870544	8464975170.551	   0.211	8049
59768.870660	8464975157.051	   0.215	8049
59768.870775	8464975148.551	   0.203	8049
59768.870891	8464975137.851	   0.232	8049
59768.871007	8464975124.951	   0.378	8049
59768.871123	8464975114.551	   0.288	8049
59768.871238	8464975104.051	   0.179	8049
59768.871354	8464975091.650	   0.236	8049
59768.871470	8464975078.050	   0.149	8049
59768.871586	8464975068.250	   0.304	8049
59768.871701	8464975056.250	   0.361	8049
59768.871817	8464975046.350	   0.234	8049
59768.871933	8464975035.550	   0.253	8049
59768.872049	8464975022.450	   0.204	8049
59768.872164	8464975012.050	   0.288	8049
59768.872280	8464975002.750	   0.155	8049
59768.872396	8464974988.550	   0.230	8049
59768.872512	8464974978.450	   0.225	8049
59768.872627	8464974967.550	   0.299	8049
59768.872743	8464974954.350	   0.266	8049
59768.872859	8464974943.350	   0.170	8049
59768.872975	8464974930.750	   0.262	8049
59768.873090	8464974922.250	   0.170	8049
59768.873206	8464974910.150	   0.212	8049
59768.873322	8464974900.450	   0.156	8049
59768.873437	8464974885.249	   0.156	8049
59768.873553	8464974877.049	   0.175	8049
59768.873669	8464974865.649	   0.189	8049
59768.873785	8464974854.449	   0.249	8049
59768.873900	8464974840.949	   0.239	8049
59768.874016	8464974831.049	   0.164	8049
59768.874132	8464974818.249	   0.243	8049
59768.874248	8464974805.649	   0.219	8049
59768.874363	8464974798.349	   0.200	8049
59768.874479	8464974783.449	   0.151	8049
59768.874595	8464974773.549	   0.157	8049
59768.874711	8464974762.749	   0.218	8049
59768.874826	8464974752.549	   0.294	8049
59768.874942	8464974740.549	   0.196	8049
59768.875058	8464974729.349	   0.330	8049
59768.875174	8464974718.449	   0.189	8049
59768.875289	8464974705.349	   0.446	8049
59768.875405	8464974694.348	   0.178	8049
59768.875521	8464974680.748	   0.256	8049
59768.875637	8464974671.048	   0.205	8049
59768.875752	8464974661.148	   0.206	8049
59768.875868	8464974651.148	   0.213	8049
59768.875984	8464974639.448	   0.156	8049
59768.876100	8464974628.748	   0.274	8049
59768.876215	8464974616.348	   0.343	8049
59768.876331	8464974605.248	   0.272	8049
59768.876447	8464974592.648	   0.177	8049
59768.876563	8464974583.448	   0.235	8049
59768.876678	8464974572.048	   0.170	8049
59768.876794	8464974560.548	   0.124	8049
59768.876910	8464974548.248	   0.251	8049
59768.877025	8464974538.048	   0.245	8049
59768.877141	8464974525.648	   0.361	8049
59768.877257	8464974514.548	   0.224	8049
59768.877373	8464974501.548	   0.334	8049
59768.877488	8464974490.147	   0.184	8049
59768.877604	8464974480.347	   0.305	8049
59768.877720	8464974470.547	   0.190	8049
59768.877836	8464974460.447	   0.178	8049
59768.877951	8464974446.247	   0.254	8049
59768.878067	8464974434.847	   0.145	8049
59768.878183	8464974422.347	   0.238	8049
59768.878299	8464974413.347	   0.226	8049
59768.878414	8464974401.547	   0.198	8049
59768.878530	8464974390.747	   0.289	8049
59768.878646	8464974378.647	   0.242	8049
59768.878762	8464974368.147	   0.260	8049
59768.878877	8464974355.547	   0.210	8049
59768.878993	8464974346.247	   0.245	8049
59768.879109	8464974333.547	   0.203	8049
59768.879225	8464974324.147	   0.331	8049
59768.879340	8464974313.447	   0.248	8049
59768.879456	8464974300.647	   0.203	8049
59768.879572	8464974288.646	   0.199	8049
59768.879688	8464974281.046	   0.273	8049
59768.879803	8464974268.946	   0.417	8049
59768.879919	8464974256.746	   0.304	8049
59768.880035	8464974244.546	   0.162	8049
59768.880150	8464974233.446	   0.189	8049
59768.880266	8464974224.446	   0.227	8049
59768.880382	8464974212.446	   0.336	8049
59768.880498	8464974199.246	   0.180	8049
59768.880613	8464974189.646	   0.196	8049
59768.880729	8464974180.346	   0.208	8049
59768.880845	8464974166.546	   0.217	8049
59768.880961	8464974157.546	   0.181	8049
59768.881076	8464974146.246	   0.308	8049
59768.881192	8464974133.646	   0.321	8049
59768.881308	8464974123.446	   0.200	8049
59768.881424	8464974110.246	   0.204	8049
59768.881539	8464974100.846	   0.198	8049
59768.881655	8464974089.745	   0.351	8049
59768.881771	8464974079.745	   0.156	8049
59768.881887	8464974067.845	   0.207	8049
59768.882002	8464974058.345	   0.141	8049
59768.882118	8464974043.145	   0.288	8049
59768.882234	8464974035.545	   0.240	8049
59768.882350	8464974023.345	   0.201	8049
59768.882465	8464974010.845	   0.218	8049
59768.882581	8464973999.845	   0.139	8049
59768.882697	8464973990.045	   0.166	8049
59768.882812	8464973977.445	   0.209	8049
59768.882928	8464973967.545	   0.390	8049
59768.883044	8464973954.545	   0.218	8049
59768.883160	8464973943.045	   0.151	8049
59768.883275	8464973936.945	   0.176	8049
59768.883391	8464973922.645	   0.366	8049
59768.883507	8464973913.545	   0.241	8049
59768.883623	8464973901.445	   0.194	8049
59768.883738	8464973891.544	   0.148	8049
59768.883854	8464973879.944	   0.184	8049
59768.883970	8464973867.144	   0.195	8049
59768.884086	8464973856.744	   0.200	8049
59768.884201	8464973846.744	   0.256	8049
59768.884317	8464973834.844	   0.279	8049
59768.884433	8464973822.744	   0.185	8049
59768.884549	8464973810.544	   0.231	8049
59768.884664	8464973801.844	   0.299	8049
59768.884780	8464973789.144	   0.274	8049
59768.884896	8464973779.344	   0.354	8049
59768.885012	8464973767.944	   0.177	8049
59768.885127	8464973755.544	   0.197	8049
59768.885243	8464973745.744	   0.307	8049
59768.885359	8464973734.544	   0.182	8049
59768.885475	8464973725.444	   0.171	8049
59768.885590	8464973714.144	   0.241	8049
59768.885706	8464973701.044	   0.330	8049
59768.885822	8464973689.843	   0.206	8049
59768.885938	8464973679.343	   0.243	8049
59768.886053	8464973670.843	   0.264	8049
59768.886169	8464973660.443	   0.130	8049
59768.886285	8464973646.443	   0.344	8049
59768.886400	8464973635.543	   0.289	8049
59768.886516	8464973626.043	   0.257	8049
59768.886632	8464973615.943	   0.195	8049
59768.886748	8464973602.543	   0.154	8049
59768.886863	8464973590.943	   0.160	8049
59768.886979	8464973580.943	   0.170	8049
59768.887095	8464973571.243	   0.254	8049
59768.887211	8464973559.143	   0.281	8049
59768.887326	8464973548.843	   0.236	8049
59768.887442	8464973536.243	   0.253	8049
59768.887558	8464973527.143	   0.278	8049
59768.887674	8464973516.043	   0.191	8049
59768.887789	8464973502.943	   0.274	8049
59768.887905	8464973492.342	   0.374	8049
59768.888021	8464973483.742	   0.231	8049
59768.888137	8464973470.942	   0.278	8049
59768.888252	8464973460.142	   0.254	8049
59768.888368	8464973450.842	   0.221	8049
59768.888484	8464973438.342	   0.266	8049
59768.888600	8464973425.442	   0.180	8049
59768.888715	8464973417.842	   0.138	8049
59768.888831	8464973405.342	   0.213	8049
59768.888947	8464973393.642	   0.228	8049
59768.889062	8464973383.142	   0.200	8049
59768.889178	8464973371.942	   0.250	8049
59768.889294	8464973364.642	   0.189	8049
59768.889410	8464973352.142	   0.186	8049
59768.889525	8464973339.342	   0.189	8049
59768.889641	8464973331.742	   0.177	8049
59768.889757	8464973317.142	   0.229	8049
59768.889873	8464973306.542	   0.255	8049
59768.889988	8464973297.241	   0.210	8049
59768.890104	8464973287.141	   0.197	8049
59768.890220	8464973274.441	   0.243	8049
59768.890336	8464973264.041	   0.186	8049
59768.890451	8464973253.241	   0.190	8049
59768.890567	8464973244.341	   0.197	8049
59768.890683	8464973231.741	   0.216	8049
59768.890799	8464973221.641	   0.264	8049
59768.890914	8464973209.141	   0.136	8049
59768.891030	8464973198.741	   0.233	8049
59768.891146	8464973185.441	   0.134	8049
59768.891262	8464973176.741	   0.289	8049
59768.891377	8464973165.941	   0.206	8049
59768.891493	8464973153.641	   0.153	8049
59768.891609	8464973141.541	   0.167	8049
59768.891725	8464973132.141	   0.349	8049
59768.891840	8464973122.441	   0.277	8049
59768.891956	8464973111.241	   0.170	8049
59768.892072	8464973101.541	   0.216	8049
59768.892188	8464973089.440	   0.186	8049
59768.892303	8464973077.640	   0.246	8049
59768.892419	8464973068.540	   0.313	8049
59768.892535	8464973056.540	   0.243	8049
59768.892650	8464973048.540	   0.194	8049
59768.892766	8464973035.940	   0.229	8049
59768.892882	8464973026.040	   0.150	8049
59768.892998	8464973012.640	   0.193	8049
59768.893113	8464973005.840	   0.173	8049
59768.893229	8464972993.340	   0.536	8049
59768.893345	8464972983.640	   0.182	8049
59768.893461	8464972972.540	   0.335	8049
59768.893576	8464972962.840	   0.174	8049
59768.893692	8464972952.540	   0.158	8049
59768.893808	8464972939.840	   0.345	8049
59768.893924	8464972928.440	   0.247	8049
59768.894039	8464972918.840	   0.194	8049
59768.894155	8464972905.040	   0.222	8049
59768.894271	8464972895.539	   0.244	8049
59768.894387	8464972884.839	   0.179	8049
59768.894502	8464972874.739	   0.291	8049
59768.894618	8464972862.439	   0.199	8049
59768.894734	8464972851.739	   0.192	8049
59768.894850	8464972842.939	   0.318	8049
59768.894965	8464972832.239	   0.128	8049
59768.895081	8464972819.639	   0.176	8049
59768.895197	8464972810.539	   0.212	8049
59768.895313	8464972800.239	   0.236	8049
59768.895428	8464972789.339	   0.319	8049
59768.895544	8464972778.939	   0.184	8049
59768.895660	8464972767.939	   0.184	8049
59768.895775	8464972760.239	   0.219	8049
59768.895891	8464972747.239	   0.226	8049
59768.896007	8464972736.839	   0.206	8049
59768.896123	8464972726.039	   0.272	8049
59768.896238	8464972714.639	   0.227	8049
59768.896354	8464972705.039	   0.256	8049
59768.896470	8464972694.338	   0.167	8049
59768.896586	8464972684.038	   0.231	8049
59768.896701	8464972673.638	   0.253	8049
59768.896817	8464972661.038	   0.237	8049
59768.896933	8464972651.438	   0.249	8049
59768.897049	8464972638.138	   0.319	8049
59768.897164	8464972627.338	   0.200	8049
59768.897280	8464972617.938	   0.160	8049
59768.897396	8464972607.638	   0.162	8049
59768.897512	8464972598.038	   0.279	8049
59768.897627	8464972586.938	   0.281	8049
59768.897743	8464972575.138	   0.268	8049
59768.897859	8464972562.738	   0.153	8049
59768.897975	8464972555.538	   0.156	8049
59768.898090	8464972542.838	   0.202	8049
59768.898206	8464972531.838	   0.254	8049
59768.898322	8464972522.238	   0.145	8049
59768.898437	8464972510.338	   0.200	8049
59768.898553	8464972501.138	   0.308	8049
59768.898669	8464972489.937	   0.312	8049
59768.898785	8464972479.037	   0.186	8049
59768.898900	8464972468.437	   0.165	8049
59768.899016	8464972458.637	   0.262	8049
59768.899132	8464972447.637	   0.238	8049
59768.899248	8464972438.737	   0.292	8049
59768.899363	8464972427.537	   0.181	8049
59768.899479	8464972416.437	   0.298	8049
59768.899595	8464972405.637	   0.304	8049
59768.899711	8464972393.637	   0.198	8049
59768.899826	8464972383.037	   0.218	8049
59768.899942	8464972373.537	   0.320	8049
59768.900058	8464972362.737	   0.357	8049
59768.900174	8464972353.337	   0.240	8049
59768.900289	8464972341.337	   0.237	8049
59768.900405	8464972330.537	   0.270	8049
59768.900521	8464972321.237	   0.204	8049
59768.900637	8464972310.437	   0.173	8049
59768.900752	8464972298.736	   0.198	8049
59768.900868	8464972290.136	   0.211	8049
59768.900984	8464972277.336	   0.177	8049
59768.901100	8464972266.736	   0.226	8049
59768.901215	8464972258.536	   0.218	8049
59768.901331	8464972247.336	   0.276	8049
59768.901447	8464972236.436	   0.235	8049
59768.901563	8464972226.836	   0.339	8049
59768.901678	8464972214.836	   0.172	8049
59768.901794	8464972208.036	   0.202	8049
59768.901910	8464972196.836	   0.320	8049
59768.902025	8464972185.836	   0.210	8049
59768.902141	8464972173.236	   0.289	8049
59768.902257	8464972163.036	   0.173	8049
59768.902373	8464972155.336	   0.349	8049
59768.902488	8464972143.036	   0.213	8049
59768.902604	8464972132.536	   0.386	8049
59768.902720	8464972119.736	   0.167	8049
59768.902836	8464972111.936	   0.229	8049
59768.902951	8464972101.436	   0.238	8049
59768.903067	8464972090.635	   0.360	8049
59768.903183	8464972079.835	   0.392	8049
59768.903299	8464972067.635	   0.298	8049
59768.903414	8464972060.435	   0.270	8049
59768.903530	8464972047.335	   0.273	8049
59768.903646	8464972037.835	   0.289	8049
59768.903762	8464972027.835	   0.247	8049
59768.903877	8464972015.635	   0.292	8049
59768.903993	8464972006.435	   0.165	8049
59768.904109	8464971995.735	   0.237	8049
59768.904225	8464971987.735	   0.157	8049
59768.904340	8464971977.235	   0.130	8049
59768.904456	8464971965.035	   0.229	8049
59768.904572	8464971957.035	   0.221	8049
59768.904687	8464971945.135	   0.199	8049
59768.904803	8464971933.935	   0.201	8049
59768.904919	8464971924.335	   0.356	8049
59768.905035	8464971912.535	   0.257	8049
59768.905150	8464971902.335	   0.222	8049
59768.905266	8464971890.234	   0.133	8049
59768.905382	8464971880.834	   0.245	8049
59768.905498	8464971871.534	   0.262	8049
59768.905613	8464971861.034	   0.324	8049
59768.905729	8464971851.434	   0.191	8049
59768.905845	8464971840.034	   0.278	8049
59768.905961	8464971830.034	   0.256	8049
59768.906076	8464971820.534	   0.267	8049
59768.906192	8464971812.234	   0.292	8049
59768.906308	8464971799.234	   0.155	8049
59768.906424	8464971790.134	   0.227	8049
59768.906539	8464971780.134	   0.397	8049
59768.906655	8464971768.334	   0.229	8049
59768.906771	8464971756.934	   0.146	8049
59768.906887	8464971748.134	   0.183	8049
59768.907002	8464971737.634	   0.261	8049
59768.907118	8464971726.734	   0.269	8049
59768.907234	8464971716.234	   0.190	8049
59768.907350	8464971706.334	   0.216	8049
59768.907465	8464971696.133	   0.225	8049
59768.907581	8464971687.633	   0.231	8049
59768.907697	8464971676.833	   0.299	8049
59768.907813	8464971665.033	   0.200	8049
59768.907928	8464971652.833	   0.182	8049
59768.908044	8464971645.833	   0.294	8049
59768.908160	8464971634.333	   0.221	8049
59768.908275	8464971626.633	   0.257	8049
59768.908391	8464971615.533	   0.191	8049
59768.908507	8464971604.333	   0.519	8049
59768.908623	8464971594.533	   0.135	8049
59768.908738	8464971586.133	   0.144	8049
59768.908854	8464971574.033	   0.211	8049
59768.908970	8464971563.233	   0.280	8049
59768.909086	8464971552.133	   0.197	8049
59768.909201	8464971542.833	   0.354	8049
59768.909317	8464971531.433	   0.158	8049
59768.909433	8464971521.233	   0.312	8049
59768.909549	8464971512.333	   0.158	8049
59768.909664	8464971502.533	   0.214	8049
59768.909780	8464971492.932	   0.214	8049
59768.909896	8464971481.832	   0.184	8049
59768.910012	8464971471.732	   0.238	8049
59768.910127	8464971461.432	   0.206	8049
59768.910243	8464971452.932	   0.194	8049
59768.910359	8464971439.532	   0.182	8049
59768.910475	8464971432.332	   0.210	8049
59768.910590	8464971423.432	   0.312	8049
59768.910706	8464971408.332	   0.179	8049
59768.910822	8464971401.532	   0.247	8049
59768.910938	8464971388.332	   0.224	8049
59768.911053	8464971378.532	   0.139	8049
59768.911169	8464971370.632	   0.291	8049
59768.911285	8464971361.132	   0.272	8049
59768.911400	8464971351.432	   0.413	8049
59768.911516	8464971338.332	   0.160	8049
59768.911632	8464971329.232	   0.255	8049
59768.911748	8464971321.132	   0.200	8049
59768.911863	8464971309.932	   0.178	8049
59768.911979	8464971299.031	   0.240	8049
59768.912095	8464971291.031	   0.206	8049
59768.912211	8464971279.231	   0.262	8049
59768.912326	8464971268.831	   0.258	8049
59768.912442	8464971259.031	   0.165	8049
59768.912558	8464971248.631	   0.348	8049
59768.912674	8464971239.131	   0.418	8049
59768.912789	8464971229.531	   0.199	8049
59768.912905	8464971218.831	   0.550	8049
59768.913021	8464971208.931	   0.292	8049
59768.913137	8464971199.031	   0.215	8049
59768.913252	8464971187.731	   0.224	8049
59768.913368	8464971177.731	   0.270	8049
59768.913484	8464971169.631	   0.185	8049
59768.913600	8464971158.831	   0.159	8049
59768.913715	8464971151.031	   0.192	8049
59768.913831	8464971139.631	   0.160	8049
59768.913947	8464971127.631	   0.218	8049
59768.914062	8464971117.631	   0.197	8049
59768.914178	8464971109.231	   0.171	8049
59768.914294	8464971097.230	   0.245	8049
59768.914410	8464971087.730	   0.435	8049
59768.914525	8464971079.130	   0.297	8049
59768.914641	8464971068.630	   0.404	8049
59768.914757	8464971057.230	   0.254	8049
59768.914873	8464971046.930	   0.399	8049
59768.914988	8464971038.530	   0.265	8049
59768.915104	8464971029.630	   0.375	8049
59768.915220	8464971018.030	   0.227	8049
59768.915336	8464971008.030	   0.290	8049
59768.915451	8464970998.330	   0.242	8049
59768.915567	8464970990.530	   0.201	8049
59768.915683	8464970979.030	   0.206	8049
59768.915799	8464970970.830	   0.372	8049
59768.915914	8464970959.430	   0.273	8049
59768.916030	8464970948.030	   0.177	8049
59768.916146	8464970939.130	   0.338	8049
59768.916262	8464970929.730	   0.185	8049
59768.916377	8464970921.230	   0.219	8049
59768.916493	8464970910.930	   0.269	8049
59768.916609	8464970899.329	   0.158	8049
59768.916725	8464970890.929	   0.402	8049
59768.916840	8464970882.929	   0.158	8049
59768.916956	8464970869.429	   0.192	8049
59768.917072	8464970859.529	   0.193	8049
59768.917188	8464970849.029	   0.347	8049
59768.917303	8464970840.029	   0.165	8049
59768.917419	8464970829.829	   0.173	8049
59768.917535	8464970819.829	   0.323	8049
59768.917650	8464970809.829	   0.461	8049
59768.917766	8464970802.229	   0.217	8049
59768.917882	8464970791.429	   0.445	8049
59768.917998	8464970779.429	   0.260	8049
59768.918113	8464970768.829	   0.306	8049
59768.918229	8464970761.129	   0.231	8049
59768.918345	8464970749.429	   0.382	8049
59768.918461	8464970740.429	   0.301	8049
59768.918576	8464970731.029	   0.219	8049
59768.918692	8464970720.329	   0.255	8049
59768.918808	8464970710.729	   0.277	8049
59768.918924	8464970703.429	   0.376	8049
59768.919039	8464970691.928	   0.202	8049
59768.919155	8464970683.128	   0.249	8049
59768.919271	8464970672.728	   0.266	8049
59768.919387	8464970661.228	   0.181	8049
59768.919502	8464970652.628	   0.349	8049
59768.919618	8464970642.328	   0.236	8049
59768.919734	8464970632.528	   0.193	8049
59768.919850	8464970624.428	   0.219	8049
59768.919965	8464970612.228	   0.247	8049
59768.920081	8464970603.128	   0.157	8049
59768.920197	8464970592.828	   0.235	8049
59768.920312	8464970584.828	   0.200	8049
59768.920428	8464970575.828	   0.273	8049
59768.920544	8464970564.928	   0.309	8049
59768.920660	8464970555.028	   0.320	8049
59768.920775	8464970545.828	   0.302	8049
59768.920891	8464970533.928	   0.285	8049
59768.921007	8464970525.328	   0.320	8049
59768.921123	8464970517.228	   0.226	8049
59768.921238	8464970504.628	   0.209	8049
59768.921354	8464970496.927	   0.257	8049
59768.921470	8464970485.527	   0.319	8049
59768.921586	8464970476.527	   0.319	8049
59768.921701	8464970469.127	   0.198	8049
59768.921817	8464970458.127	   0.239	8049
59768.921933	8464970449.327	   0.469	8049
59768.922049	8464970440.927	   0.318	8049
59768.922164	8464970428.427	   0.290	8049
59768.922280	8464970419.827	   0.546	8049
59768.922396	8464970411.227	   0.229	8049
59768.922512	8464970400.827	   0.244	8049
59768.922627	8464970390.127	   0.181	8049
59768.922743	8464970380.527	   0.162	8049
59768.922859	8464970372.127	   0.438	8049
59768.922975	8464970362.727	   0.388	8049
59768.923090	8464970351.927	   0.280	8049
59768.923206	8464970340.227	   0.255	8049
59768.923322	8464970332.427	   0.268	8049
59768.923438	8464970324.027	   0.414	8049
59768.923553	8464970312.027	   0.214	8049
59768.923669	8464970305.727	   0.201	8049
59768.923785	8464970295.126	   0.521	8049
59768.923900	8464970285.026	   0.179	8049
59768.924016	8464970276.626	   0.306	8049
59768.924132	8464970263.326	   0.188	8049
59768.924248	8464970255.726	   0.249	8049
59768.924363	8464970246.226	   0.265	8049
59768.924479	8464970237.726	   0.264	8049
59768.924595	8464970228.926	   0.179	8049
59768.924711	8464970220.026	   0.151	8049
59768.924826	8464970209.726	   0.178	8049
59768.924942	8464970199.726	   0.253	8049
59768.925058	8464970188.826	   0.323	8049
59768.925174	8464970181.926	   0.287	8049
59768.925289	8464970169.226	   0.301	8049
59768.925405	8464970159.226	   0.231	8049
59768.925521	8464970150.126	   0.511	8049
59768.925637	8464970140.526	   0.245	8049
59768.925752	8464970132.826	   0.319	8049
59768.925868	8464970125.726	   0.193	8049
59768.925984	8464970114.126	   0.447	8049
59768.926100	8464970104.026	   0.219	8049
59768.926215	8464970095.625	   0.315	8049
59768.926331	8464970083.625	   0.182	8049
59768.926447	8464970075.825	   0.336	8049
59768.926563	8464970067.425	   0.165	8049
59768.926678	8464970059.025	   0.200	8049
59768.926794	8464970047.925	   0.324	8049
59768.926910	8464970040.125	   0.282	8049
59768.927025	8464970028.525	   0.430	8049
59768.927141	8464970018.825	   0.193	8049
59768.927257	8464970010.225	   0.233	8049
59768.927373	8464970000.025	   0.305	8049
59768.927488	8464969989.525	   0.185	8049
59768.927604	8464969982.325	   0.249	8049
59768.927720	8464969970.825	   0.144	8049
59768.927836	8464969963.025	   0.187	8049
59768.927951	8464969954.825	   0.245	8049
59768.928067	8464969944.325	   0.198	8049
59768.928183	8464969934.425	   0.306	8049
59768.928299	8464969925.225	   0.275	8049
59768.928414	8464969916.625	   0.282	8049
59768.928530	8464969905.225	   0.229	8049
59768.928646	8464969896.824	   0.219	8049
59768.928762	8464969887.824	   0.282	8049
59768.928877	8464969878.524	   0.276	8049
59768.928993	8464969868.124	   0.419	8049
59768.929109	8464969862.424	   0.227	8049
59768.929225	8464969849.524	   0.189	8049
59768.929340	8464969842.724	   0.242	8049
59768.929456	8464969832.924	   0.307	8049
59768.929572	8464969822.224	   0.287	8049
59768.929687	8464969811.924	   0.397	8049
59768.929803	8464969802.724	   0.176	8049
59768.929919	8464969794.124	   0.231	8049
59768.930035	8464969782.424	   0.133	8049
59768.930150	8464969776.524	   0.377	8049
59768.930266	8464969767.824	   0.376	8049
59768.930382	8464969758.324	   0.257	8049
59768.930498	8464969748.724	   0.358	8049
59768.930613	8464969739.324	   0.274	8049
59768.930729	8464969731.024	   0.168	8049
59768.930845	8464969720.924	   0.198	8049
59768.930961	8464969710.924	   0.285	8049
59768.931076	8464969699.924	   0.338	8049
59768.931192	8464969692.123	   0.277	8049
59768.931308	8464969680.823	   0.188	8049
59768.931424	8464969674.523	   0.427	8049
59768.931539	8464969663.723	   0.191	8049
59768.931655	8464969656.323	   0.403	8049
59768.931771	8464969645.123	   0.192	8049
59768.931887	8464969636.823	   0.259	8049
59768.932002	8464969626.223	   0.327	8049
59768.932118	8464969617.923	   0.145	8049
59768.932234	8464969610.323	   0.302	8049
59768.932350	8464969600.823	   0.464	8049
59768.932465	8464969589.823	   0.219	8049
59768.932581	8464969583.823	   0.222	8049
59768.932697	8464969571.723	   0.276	8049
59768.932813	8464969564.023	   0.240	8049
59768.932928	8464969554.223	   0.290	8049
59768.933044	8464969547.823	   0.199	8049
59768.933160	8464969535.623	   0.226	8049
59768.933275	8464969527.423	   0.346	8049
59768.933391	8464969517.923	   0.480	8049
59768.933507	8464969507.323	   0.209	8049
59768.933623	8464969498.422	   0.229	8049
59768.933738	8464969489.722	   0.255	8049
59768.933854	8464969481.022	   0.190	8049
59768.933970	8464969471.122	   0.229	8049
59768.934086	8464969461.722	   0.212	8049
59768.934201	8464969453.322	   0.234	8049
59768.934317	8464969443.522	   0.199	8049
59768.934433	8464969434.222	   0.270	8049
59768.934549	8464969426.022	   0.299	8049
59768.934664	8464969417.422	   0.280	8049
59768.934780	8464969407.522	   0.244	8049
59768.934896	8464969401.022	   0.486	8049
59768.935012	8464969389.622	   0.163	8049
59768.935127	8464969383.522	   0.193	8049
59768.935243	8464969373.022	   0.346	8049
59768.935359	8464969364.122	   0.244	8049
59768.935475	8464969354.822	   0.156	8049
59768.935590	8464969346.822	   0.213	8049
59768.935706	8464969337.922	   0.240	8049
59768.935822	8464969326.022	   0.254	8049
59768.935937	8464969318.922	   0.238	8049
59768.936053	8464969311.822	   0.196	8049
59768.936169	8464969298.521	   0.177	8049
59768.936285	8464969290.521	   0.212	8049
59768.936400	8464969283.521	   0.289	8049
59768.936516	8464969273.921	   0.196	8049
59768.936632	8464969263.821	   0.231	8049
59768.936748	8464969254.321	   0.282	8049
59768.936863	8464969246.721	   0.460	8049
59768.936979	8464969237.121	   0.221	8049
59768.937095	8464969228.921	   0.351	8049
59768.937211	8464969218.721	   0.268	8049
59768.937326	8464969210.421	   0.342	8049
59768.937442	8464969200.821	   0.192	8049
59768.937558	8464969192.621	   0.144	8049
59768.937674	8464969184.521	   0.288	8049
59768.937789	8464969174.321	   0.243	8049
59768.937905	8464969166.821	   0.302	8049
59768.938021	8464969154.821	   0.196	8049
59768.938137	8464969147.921	   0.326	8049
59768.938252	8464969138.921	   0.232	8049
59768.938368	8464969130.921	   0.283	8049
59768.938484	8464969121.621	   0.194	8049
59768.938600	8464969113.321	   0.338	8049
59768.938715	8464969104.121	   0.659	8049
59768.938831	8464969093.120	   0.244	8049
59768.938947	8464969085.520	   0.289	8049
59768.939063	8464969077.820	   0.193	8049
59768.939178	8464969070.020	   0.225	8049
59768.939294	8464969060.020	   0.404	8049
59768.939410	8464969051.620	   0.192	8049
59768.939525	8464969041.920	   0.191	8049
59768.939641	8464969033.220	   0.283	8049
59768.939757	8464969025.420	   0.220	8049
59768.939873	8464969014.920	   0.369	8049
59768.939988	8464969004.820	   0.146	8049
59768.940104	8464968999.620	   0.339	8049
59768.940220	8464968989.620	   0.379	8049
59768.940336	8464968980.420	   0.317	8049
59768.940451	8464968971.220	   0.294	8049
59768.940567	8464968962.820	   0.266	8049
59768.940683	8464968953.720	   0.218	8049
59768.940799	8464968945.120	   0.224	8049
59768.940914	8464968936.720	   0.279	8049
59768.941030	8464968929.420	   0.231	8049
59768.941146	8464968919.120	   0.423	8049
59768.941262	8464968909.420	   0.475	8049
59768.941377	8464968900.720	   0.252	8049
59768.941493	8464968894.319	   0.331	8049
59768.941609	8464968884.619	   0.352	8049
59768.941725	8464968874.519	   0.376	8049
59768.941840	8464968867.519	   0.529	8049
59768.941956	8464968857.219	   0.237	8049
59768.942072	8464968850.019	   0.413	8049
59768.942188	8464968842.919	   0.192	8049
59768.942303	8464968831.619	   0.255	8049
59768.942419	8464968822.219	   0.257	8049
59768.942535	8464968813.519	   0.234	8049
59768.942650	8464968806.319	   0.198	8049
59768.942766	8464968798.819	   0.308	8049
59768.942882	8464968788.819	   0.524	8049
59768.942998	8464968780.719	   0.211	8049
59768.943113	8464968773.219	   0.209	8049
59768.943229	8464968763.119	   0.261	8049
59768.943345	8464968753.519	   0.283	8049
59768.943461	8464968745.619	   0.228	8049
59768.943576	8464968738.719	   0.319	8049
59768.943692	8464968728.419	   0.216	8049
59768.943808	8464968718.319	   0.373	8049
59768.943924	8464968710.319	   0.202	8049
59768.944039	8464968704.419	   0.271	8049
59768.944155	8464968693.418	   0.274	8049
59768.944271	8464968685.718	   0.315	8049
59768.944387	8464968675.818	   0.258	8049
59768.944502	8464968668.518	   0.255	8049
59768.944618	8464968660.318	   0.241	8049
59768.944734	8464968649.818	   0.281	8049
59768.944850	8464968641.718	   0.201	8049
59768.944965	8464968635.018	   0.278	8049
59768.945081	8464968624.918	   0.214	8049
59768.945197	8464968616.018	   0.222	8049
59768.945312	8464968607.018	   0.308	8049
59768.945428	8464968600.118	   0.341	8049
59768.945544	8464968591.818	   0.208	8049
59768.945660	8464968583.618	   0.265	8049
59768.945775	8464968575.418	   0.221	8049
59768.945891	8464968566.018	   0.289	8049
59768.946007	8464968558.018	   0.268	8049
59768.946123	8464968550.318	   0.198	8049
59768.946238	8464968541.818	   0.199	8049
59768.946354	8464968531.218	   0.231	8049
59768.946470	8464968523.918	   0.512	8049
59768.946586	8464968515.918	   0.460	8049
59768.946701	8464968510.118	   0.206	8049
59768.946817	8464968500.418	   0.293	8049
59768.946933	8464968489.417	   0.214	8049
59768.947049	8464968482.617	   0.292	8049
59768.947164	8464968472.617	   0.322	8049
59768.947280	8464968464.817	   0.376	8049
59768.947396	8464968457.117	   0.178	8049
59768.947512	8464968446.917	   0.191	8049
59768.947627	8464968437.717	   0.167	8049
59768.947743	8464968433.017	   0.368	8049
59768.947859	8464968426.117	   0.245	8049
59768.947975	8464968413.117	   0.317	8049
59768.948090	8464968406.017	   0.328	8049
59768.948206	8464968398.017	   0.224	8049
59768.948322	8464968389.817	   0.269	8049
59768.948438	8464968380.917	   0.310	8049
59768.948553	8464968372.717	   0.421	8049
59768.948669	8464968364.017	   0.398	8049
59768.948785	8464968356.317	   0.298	8049
59768.948900	8464968348.817	   0.185	8049
59768.949016	8464968337.417	   0.246	8049
59768.949132	8464968329.417	   0.644	8049
59768.949248	8464968324.717	   0.230	8049
59768.949363	8464968313.917	   0.222	8049
59768.949479	8464968304.817	   0.234	8049
59768.949595	8464968296.616	   0.350	8049
59768.949711	8464968288.916	   0.309	8049
59768.949826	8464968281.416	   0.232	8049
59768.949942	8464968272.316	   0.320	8049
59768.950058	8464968263.716	   0.344	8049
59768.950174	8464968255.716	   0.181	8049
59768.950289	8464968248.116	   0.259	8049
59768.950405	8464968240.216	   0.494	8049
59768.950521	8464968230.716	   0.310	8049
59768.950637	8464968224.216	   0.259	8049
59768.950752	8464968213.416	   0.172	8049
59768.950868	8464968207.516	   0.567	8049
59768.950984	8464968199.516	   0.189	8049
59768.951100	8464968189.916	   0.197	8049
59768.951215	8464968182.116	   0.221	8049
59768.951331	8464968175.116	   0.255	8049
59768.951447	8464968166.316	   0.243	8049
59768.951562	8464968158.216	   0.299	8049
59768.951678	8464968148.716	   0.370	8049
59768.951794	8464968142.516	   0.123	8049
59768.951910	8464968133.516	   0.212	8049
59768.952025	8464968124.816	   0.250	8049
59768.952141	8464968118.516	   0.240	8049
59768.952257	8464968111.916	   0.248	8049
59768.952373	8464968102.216	   0.243	8049
59768.952488	8464968093.115	   0.257	8049
59768.952604	8464968085.215	   0.245	8049
59768.952720	8464968078.915	   0.215	8049
59768.952836	8464968070.015	   0.889	8049
59768.952951	8464968062.715	   0.281	8049
59768.953067	8464968053.915	   0.342	8049
59768.953183	8464968045.015	   0.352	8049
59768.953299	8464968037.015	   0.370	8049
59768.953414	8464968028.715	   0.225	8049
59768.953530	8464968020.315	   0.216	8049
59768.953646	8464968012.015	   0.136	8049
59768.953762	8464968004.315	   0.495	8049
59768.953877	8464967995.415	   0.513	8049
59768.953993	8464967986.515	   0.334	8049
59768.954109	8464967981.515	   0.292	8049
59768.954225	8464967973.115	   0.286	8049
59768.954340	8464967964.015	   0.124	8049
59768.954456	8464967954.715	   0.151	8049
59768.954572	8464967949.315	   0.341	8049
59768.954688	8464967939.015	   0.142	8049
59768.954803	8464967931.215	   0.186	8049
59768.954919	8464967924.215	   0.325	8049
59768.955035	8464967918.415	   0.334	8049
59768.955150	8464967907.615	   0.186	8049
59768.955266	8464967899.714	   0.259	8049
59768.955382	8464967892.214	   0.351	8049
59768.955498	8464967883.014	   0.134	8049
59768.955613	8464967875.614	   0.344	8049
59768.955729	8464967866.814	   0.265	8049
59768.955845	8464967859.214	   0.173	8049
59768.955961	8464967851.914	   0.347	8049
59768.956076	8464967843.414	   0.426	8049
59768.956192	8464967835.214	   0.341	8049
59768.956308	8464967830.114	   0.238	8049
59768.956424	8464967820.614	   0.340	8049
59768.956539	8464967812.514	   0.187	8049
59768.956655	8464967804.814	   0.684	8049
59768.956771	8464967797.614	   0.462	8049
59768.956887	8464967790.314	   0.351	8049
59768.957002	8464967782.114	   0.304	8049
59768.957118	8464967772.614	   0.231	8049
59768.957234	8464967764.914	   0.283	8049
59768.957350	8464967756.114	   0.198	8049
59768.957465	8464967749.814	   0.330	8049
59768.957581	8464967742.514	   0.324	8049
59768.957697	8464967734.514	   0.197	8049
59768.957813	8464967724.814	   0.287	8049
59768.957928	8464967718.514	   0.353	8049
59768.958044	8464967711.314	   0.367	8049
59768.958160	8464967704.714	   0.308	8049
59768.958275	8464967696.713	   0.256	8049
59768.958391	8464967689.413	   0.381	8049
59768.958507	8464967681.313	   0.277	8049
59768.958623	8464967672.913	   0.335	8049
59768.958738	8464967663.813	   0.450	8049
59768.958854	8464967655.813	   0.228	8049
59768.958970	8464967649.613	   0.266	8049
59768.959086	8464967640.813	   0.263	8049
59768.959201	8464967634.213	   0.243	8049
59768.959317	8464967623.713	   0.194	8049
59768.959433	8464967617.313	   0.449	8049
59768.959549	8464967610.513	   0.243	8049
59768.959664	8464967601.513	   0.399	8049
59768.959780	8464967594.413	   0.271	8049
59768.959896	8464967586.813	   0.194	8049
59768.960012	8464967579.113	   0.248	8049
59768.960127	8464967571.513	   0.218	8049
59768.960243	8464967563.513	   0.323	8049
59768.960359	8464967556.513	   0.221	8049
59768.960475	8464967545.813	   0.208	8049
59768.960590	8464967541.013	   0.201	8049
59768.960706	8464967532.213	   0.216	8049
59768.960822	8464967524.713	   0.183	8049
59768.960937	8464967519.013	   0.279	8049
59768.961053	8464967510.613	   0.342	8049
59768.961169	8464967501.013	   0.220	8049
59768.961285	8464967494.912	   0.446	8049
59768.961400	8464967485.312	   0.171	8049
59768.961516	8464967478.712	   0.159	8049
59768.961632	8464967471.512	   0.281	8049
59768.961748	8464967464.112	   0.194	8049
59768.961863	8464967457.212	   0.191	8049
59768.961979	8464967449.412	   0.390	8049
59768.962095	8464967442.312	   0.387	8049
59768.962211	8464967434.912	   0.237	8049
59768.962326	8464967426.812	   0.156	8049
59768.962442	8464967419.612	   0.166	8049
59768.962558	8464967410.812	   0.291	8049
59768.962674	8464967404.212	   0.343	8049
59768.962789	8464967397.412	   0.242	8049
59768.962905	8464967388.612	   0.257	8049
59768.963021	8464967381.712	   0.414	8049
59768.963137	8464967374.112	   0.413	8049
59768.963252	8464967367.312	   0.180	8049
59768.963368	8464967358.712	   0.184	8049
59768.963484	8464967352.312	   0.228	8049
59768.963600	8464967344.712	   0.228	8049
59768.963715	8464967339.112	   0.234	8049
59768.963831	8464967328.912	   0.359	8049
59768.963947	8464967322.812	   0.336	8049
59768.964063	8464967314.212	   0.156	8049
59768.964178	8464967306.612	   0.174	8049
59768.964294	8464967300.912	   0.383	8049
59768.964410	8464967293.211	   0.165	8049
59768.964525	8464967283.211	   0.241	8049
59768.964641	8464967276.711	   0.404	8049
59768.964757	8464967271.611	   0.219	8049
59768.964873	8464967264.611	   0.267	8049
59768.964988	8464967255.811	   0.263	8049
59768.965104	8464967247.411	   0.279	8049
59768.965220	8464967239.411	   0.148	8049
59768.965336	8464967232.611	   0.290	8049
59768.965451	8464967227.711	   0.410	8049
59768.965567	8464967219.011	   0.212	8049
59768.965683	8464967211.411	   0.293	8049
59768.965799	8464967205.911	   0.434	8049
59768.965914	8464967197.011	   0.311	8049
59768.966030	8464967189.711	   0.210	8049
59768.966146	8464967183.611	   0.225	8049
59768.966262	8464967175.511	   0.438	8049
59768.966377	8464967167.511	   0.280	8049
59768.966493	8464967161.511	   0.368	8049
59768.966609	8464967150.811	   0.190	8049
59768.966725	8464967144.111	   0.321	8049
59768.966840	8464967139.211	   0.270	8049
59768.966956	8464967131.211	   0.282	8049
59768.967072	8464967123.911	   0.296	8049
59768.967187	8464967117.711	   0.289	8049
59768.967303	8464967110.211	   0.328	8049
59768.967419	8464967102.411	   0.311	8049
59768.967535	8464967096.310	   0.394	8049
59768.967650	8464967086.210	   0.203	8049
59768.967766	8464967080.210	   0.244	8049
59768.967882	8464967072.010	   0.332	8049
59768.967998	8464967065.310	   0.353	8049
59768.968113	8464967059.910	   0.790	8049
59768.968229	8464967051.710	   0.479	8049
59768.968345	8464967044.710	   0.266	8049
59768.968461	8464967037.610	   0.315	8049
59768.968576	8464967031.710	   0.351	8049
59768.968692	8464967021.710	   0.347	8049
59768.968808	8464967017.010	   0.262	8049
59768.968924	8464967007.310	   0.425	8049
59768.969039	8464967001.110	   0.365	8049
59768.969155	8464966993.110	   0.308	8049
59768.969271	8464966987.310	   0.232	8049
59768.969387	8464966980.410	   0.218	8049
59768.969502	8464966973.810	   0.389	8049
59768.969618	8464966966.010	   0.309	8049
59768.969734	8464966958.110	   0.250	8049
59768.969850	8464966950.510	   0.300	8049
59768.969965	8464966945.310	   0.375	8049
59768.970081	8464966937.110	   0.228	8049
59768.970197	8464966929.810	   0.748	8049
59768.970313	8464966923.610	   0.450	8049
59768.970428	8464966916.110	   0.387	8049
59768.970544	8464966908.110	   0.282	8049
59768.970660	8464966901.510	   0.302	8049
59768.970775	8464966894.209	   0.478	8049
59768.970891	8464966887.509	   0.281	8049
59768.971007	8464966880.209	   0.252	8049
59768.971123	8464966874.809	   0.258	8049
59768.971238	8464966865.909	   0.305	8049
59768.971354	8464966860.809	   0.306	8049
59768.971470	8464966853.509	   0.251	8049
59768.971586	8464966846.409	   0.222	8049
59768.971701	8464966838.109	   0.489	8049
59768.971817	8464966832.309	   0.563	8049
59768.971933	8464966824.909	   0.440	8049
59768.972049	8464966817.909	   0.593	8049
59768.972164	8464966812.209	   0.238	8049
59768.972280	8464966803.209	   0.286	8049
59768.972396	8464966797.409	   0.289	8049
59768.972512	8464966790.309	   0.464	8049
59768.972627	8464966783.209	   0.578	8049
59768.972743	8464966776.509	   0.346	8049
59768.972859	8464966771.709	   0.236	8049
59768.972975	8464966764.009	   0.265	8049
59768.973090	8464966756.309	   0.450	8049
59768.973206	8464966750.309	   0.170	8049
59768.973322	8464966743.409	   0.218	8049
59768.973438	8464966736.009	   0.253	8049
59768.973553	8464966729.309	   0.478	8049
59768.973669	8464966724.009	   0.421	8049
59768.973785	8464966715.409	   0.194	8049
59768.973900	8464966708.309	   0.318	8049
59768.974016	8464966701.309	   0.183	8049
59768.974132	8464966695.308	   0.246	8049
59768.974248	8464966686.208	   0.329	8049
59768.974363	8464966680.308	   0.379	8049
59768.974479	8464966672.908	   0.358	8049
59768.974595	8464966666.208	   0.335	8049
59768.974711	8464966659.608	   0.240	8049
59768.974826	8464966653.208	   0.243	8049
59768.974942	8464966646.108	   0.275	8049
59768.975058	8464966640.208	   0.474	8049
59768.975174	8464966634.108	   0.356	8049
59768.975289	8464966627.108	   0.264	8049
59768.975405	8464966619.008	   0.336	8049
59768.975521	8464966615.008	   0.174	8049
59768.975637	8464966607.208	   0.395	8049
59768.975752	8464966599.308	   0.397	8049
59768.975868	8464966594.208	   0.436	8049
59768.975984	8464966586.208	   0.352	8049
59768.976100	8464966579.708	   0.248	8049
59768.976215	8464966572.408	   0.223	8049
59768.976331	8464966566.908	   0.574	8049
59768.976447	8464966561.708	   0.189	8049
59768.976562	8464966553.408	   0.517	8049
59768.976678	8464966545.708	   0.306	8049
59768.976794	8464966539.408	   0.249	8049
59768.976910	8464966532.308	   0.323	8049
59768.977025	8464966526.008	   0.231	8049
59768.977141	8464966520.008	   0.350	8049
59768.977257	8464966513.108	   0.373	8049
59768.977373	8464966505.608	   0.199	8049
59768.977488	8464966500.708	   0.199	8049
59768.977604	8464966492.907	   0.236	8049
59768.977720	8464966487.407	   0.329	8049
59768.977836	8464966479.007	   0.259	8049
59768.977951	8464966472.707	   0.386	8049
59768.978067	8464966466.407	   0.268	8049
59768.978183	8464966461.107	   0.279	8049
59768.978299	8464966452.807	   0.248	8049
59768.978414	8464966446.507	   0.450	8049
59768.978530	8464966441.007	   0.287	8049
59768.978646	8464966434.507	   0.271	8049
59768.978762	8464966427.407	   0.353	8049
59768.978877	8464966421.007	   0.612	8049
59768.978993	8464966413.507	   0.222	8049
59768.979109	8464966408.307	   0.418	8049
59768.979225	8464966400.407	   0.374	8049
59768.979340	8464966394.307	   0.245	8049
59768.979456	8464966388.607	   0.539	8049
59768.979572	8464966382.307	   0.553	8049
59768.979688	8464966374.507	   0.277	8049
59768.979803	8464966369.807	   0.337	8049
59768.979919	8464966363.507	   0.325	8049
59768.980035	8464966357.307	   0.259	8049
59768.980150	8464966349.807	   0.205	8049
59768.980266	8464966342.507	   0.584	8049
59768.980382	8464966336.907	   0.291	8049
59768.980498	8464966329.107	   0.357	8049
59768.980613	8464966323.007	   0.281	8049
59768.980729	8464966316.507	   0.604	8049
59768.980845	8464966308.807	   0.237	8049
59768.980961	8464966306.007	   0.206	8049
59768.981076	8464966297.306	   0.245	8049
59768.981192	8464966292.506	   0.302	8049
59768.981308	8464966285.906	   0.274	8049
59768.981424	8464966279.506	   0.236	8049
59768.981539	8464966273.906	   0.287	8049
59768.981655	8464966267.206	   0.786	8049
59768.981771	8464966259.806	   0.235	8049
59768.981887	8464966255.106	   0.291	8049
59768.982002	8464966247.406	   0.261	8049
59768.982118	8464966241.806	   0.323	8049
59768.982234	8464966234.406	   0.217	8049
59768.982350	8464966229.306	   0.237	8049
59768.982465	8464966222.806	   0.457	8049
59768.982581	8464966216.306	   0.227	8049
59768.982697	8464966210.806	   0.497	8049
59768.982812	8464966203.306	   0.429	8049
59768.982928	8464966196.806	   0.352	8049
59768.983044	8464966191.406	   0.447	8049
59768.983160	8464966185.406	   0.384	8049
59768.983275	8464966179.906	   0.432	8049
59768.983391	8464966173.206	   0.493	8049
59768.983507	8464966167.506	   0.390	8049
59768.983623	8464966162.606	   0.345	8049
59768.983738	8464966154.806	   0.361	8049
59768.983854	8464966148.606	   0.412	8049
59768.983970	8464966142.606	   0.233	8049
59768.984086	8464966136.306	   0.349	8049
59768.984201	8464966128.906	   0.481	8049
59768.984317	8464966124.006	   0.379	8049
59768.984433	8464966117.106	   0.372	8049
59768.984549	8464966109.506	   0.307	8049
59768.984664	8464966104.306	   0.266	8049
59768.984780	8464966098.605	   0.264	8049
59768.984896	8464966091.405	   0.235	8049
59768.985012	8464966086.905	   0.322	8049
59768.985127	8464966080.605	   0.358	8049
59768.985243	8464966075.005	   0.332	8049
59768.985359	8464966068.005	   0.375	8049
59768.985475	8464966063.005	   0.300	8049
59768.985590	8464966057.105	   0.504	8049
59768.985706	8464966051.905	   0.315	8049
59768.985822	8464966044.005	   0.263	8049
59768.985938	8464966037.905	   0.392	8049
59768.986053	8464966032.805	   0.324	8049
59768.986169	8464966025.305	   0.227	8049
59768.986285	8464966019.205	   0.224	8049
59768.986400	8464966013.505	   0.365	8049
59768.986516	8464966007.105	   0.319	8049
59768.986632	8464966002.105	   0.463	8049
59768.986748	8464965997.205	   0.280	8049
59768.986863	8464965990.405	   0.211	8049
59768.986979	8464965983.905	   0.453	8049
59768.987095	8464965977.005	   0.676	8049
59768.987211	8464965971.605	   0.520	8049
59768.987326	8464965967.305	   0.349	8049
59768.987442	8464965959.605	   0.286	8049
59768.987558	8464965953.705	   0.654	8049
59768.987674	8464965947.805	   0.215	8049
59768.987789	8464965941.605	   0.390	8049
59768.987905	8464965936.605	   0.517	8049
59768.988021	8464965930.605	   0.416	8049
59768.988137	8464965925.105	   0.245	8049
59768.988252	8464965918.905	   0.333	8049
59768.988368	8464965913.405	   0.270	8049
59768.988484	8464965907.205	   0.414	8049
59768.988600	8464965901.905	   0.327	8049
59768.988715	8464965893.904	   0.600	8049
59768.988831	8464965887.904	   0.224	8049
59768.988947	8464965882.304	   0.292	8049
59768.989063	8464965876.904	   0.413	8049
59768.989178	8464965872.804	   0.318	8049
59768.989294	8464965866.404	   0.282	8049
59768.989410	8464965860.704	   0.410	8049
59768.989525	8464965855.404	   0.246	8049
59768.989641	8464965849.104	   0.474	8049
59768.989757	8464965842.204	   0.237	8049
59768.989873	8464965837.504	   0.200	8049
59768.989988	8464965830.504	   0.295	8049
59768.990104	8464965826.004	   0.273	8049
59768.990220	8464965819.804	   0.302	8049
59768.990336	8464965814.904	   0.256	8049
59768.990451	8464965807.604	   0.297	8049
59768.990567	8464965802.304	   0.410	8049
59768.990683	8464965798.004	   0.376	8049
59768.990799	8464965791.604	   0.368	8049
59768.990914	8464965785.904	   0.632	8049
59768.991030	8464965779.704	   0.387	8049
59768.991146	8464965774.004	   0.348	8049
59768.991262	8464965767.804	   0.274	8049
59768.991377	8464965762.504	   0.463	8049
59768.991493	8464965756.204	   0.320	8049
59768.991609	8464965749.904	   0.265	8049
59768.991725	8464965745.404	   0.276	8049
59768.991840	8464965739.204	   0.596	8049
59768.991956	8464965734.104	   0.372	8049
59768.992072	8464965729.104	   0.291	8049
59768.992187	8464965723.104	   0.297	8049
59768.992303	8464965716.204	   0.298	8049
59768.992419	8464965711.404	   0.581	8049
59768.992535	8464965705.804	   0.497	8049
59768.992650	8464965699.103	   0.299	8049
59768.992766	8464965694.103	   0.445	8049
59768.992882	8464965689.503	   0.424	8049
59768.992998	8464965684.103	   0.338	8049
59768.993113	8464965678.303	   0.455	8049
59768.993229	8464965671.803	   0.330	8049
59768.993345	8464965666.803	   0.785	8049
59768.993461	8464965660.303	   0.350	8049
59768.993576	8464965655.203	   0.191	8049
59768.993692	8464965649.003	   0.313	8049
59768.993808	8464965644.703	   0.528	8049
59768.993924	8464965638.503	   0.320	8049
59768.994039	8464965633.003	   0.417	8049
59768.994155	8464965628.303	   0.511	8049
59768.994271	8464965622.403	   0.528	8049
59768.994387	8464965617.803	   0.623	8049
59768.994502	8464965612.303	   0.398	8049
59768.994618	8464965606.103	   0.400	8049
59768.994734	8464965601.803	   0.375	8049
59768.994850	8464965595.703	   0.553	8049
59768.994965	8464965591.303	   0.344	8049
59768.995081	8464965585.903	   0.272	8049
59768.995197	8464965578.103	   0.181	8049
59768.995313	8464965575.203	   0.408	8049
59768.995428	8464965569.003	   0.459	8049
59768.995544	8464965563.603	   0.285	8049
59768.995660	8464965557.603	   0.674	8049
59768.995775	8464965553.303	   0.332	8049
59768.995891	8464965546.903	   0.587	8049
59768.996007	8464965540.503	   0.265	8049
59768.996123	8464965536.103	   0.577	8049
59768.996238	8464965532.003	   0.441	8049
59768.996354	8464965525.103	   0.419	8049
59768.996470	8464965519.503	   0.193	8049
59768.996586	8464965514.703	   0.312	8049
59768.996701	8464965508.803	   0.403	8049
59768.996817	8464965503.303	   0.200	8049
59768.999931	8464965364.052	   0.189	8049
59769.000046	8464965358.452	   0.276	8049
59769.000162	8464965353.552	   0.293	8049
59769.000278	8464965349.052	   0.340	8049
59769.000394	8464965344.052	   0.321	8049
59769.000509	8464965339.252	   0.194	8049
59769.000625	8464965334.952	   0.220	8049
59769.000741	8464965329.052	   0.288	8049
59769.000856	8464965325.252	   0.295	8049
59769.000972	8464965318.852	   0.192	8049
59769.001088	8464965312.852	   0.241	8049
59769.001204	8464965309.452	   0.287	8049
59769.001319	8464965302.752	   0.364	8049
59769.001435	8464965298.651	   0.611	8049
59769.001551	8464965292.551	   0.146	8049
59769.001667	8464965289.051	   0.369	8049
59769.001782	8464965284.551	   0.668	8049
59769.001898	8464965278.551	   0.392	8049
59769.002014	8464965275.351	   0.343	8049
59769.002130	8464965269.551	   0.315	8049
59769.002245	8464965264.051	   0.536	8049
59769.002361	8464965259.451	   0.583	8049
59769.002477	8464965254.751	   0.224	8049
59769.002593	8464965249.651	   0.521	8049
59769.002708	8464965244.451	   0.319	8049
59769.002824	8464965240.551	   0.379	8049
59769.002940	8464965235.151	   0.223	8049
59769.003056	8464965228.751	   0.327	8049
59769.003171	8464965225.251	   0.353	8049
59769.003287	8464965220.251	   0.477	8049
59769.003403	8464965214.751	   0.378	8049
59769.003519	8464965209.751	   0.273	8049
59769.003634	8464965206.051	   0.383	8049
59769.003750	8464965201.151	   0.355	8049
59769.003866	8464965196.251	   0.301	8049
59769.003981	8464965190.651	   0.535	8049
59769.004097	8464965187.151	   0.265	8049
59769.004213	8464965181.751	   0.289	8049
59769.004329	8464965176.651	   0.335	8049
59769.004444	8464965171.551	   0.503	8049
59769.004560	8464965166.851	   0.322	8049
59769.004676	8464965161.451	   0.486	8049
59769.004792	8464965156.751	   0.251	8049
59769.004907	8464965153.851	   0.455	8049
59769.005023	8464965147.951	   0.362	8049
59769.005139	8464965143.151	   0.196	8049
59769.005255	8464965137.751	   0.429	8049
59769.005370	8464965134.951	   0.450	8049
59769.005486	8464965129.051	   0.386	8049
59769.005602	8464965125.151	   0.421	8049
59769.005718	8464965120.051	   0.436	8049
59769.005833	8464965114.151	   0.314	8049
59769.005949	8464965110.351	   0.508	8049
59769.006065	8464965106.551	   0.271	8049
59769.006181	8464965100.451	   0.556	8049
59769.006296	8464965096.450	   0.421	8049
59769.006412	8464965092.650	   0.227	8049
59769.006528	8464965088.150	   0.453	8049
59769.006644	8464965083.050	   0.370	8049
59769.006759	8464965077.850	   0.406	8049
59769.006875	8464965073.050	   0.350	8049
59769.006991	8464965069.750	   0.358	8049
59769.007106	8464965064.550	   0.542	8049
59769.007222	8464965059.950	   0.468	8049
59769.007338	8464965055.950	   0.193	8049
59769.007454	8464965050.350	   0.324	8049
59769.007569	8464965045.450	   0.254	8049
59769.007685	8464965041.450	   0.330	8049
59769.007801	8464965035.950	   0.319	8049
59769.007917	8464965030.750	   0.453	8049
59769.008032	8464965027.850	   0.291	8049
59769.008148	8464965022.450	   0.337	8049
59769.008264	8464965018.850	   0.327	8049
59769.008380	8464965014.350	   0.304	8049
59769.008495	8464965009.250	   0.445	8049
59769.008611	8464965005.850	   0.319	8049
59769.008727	8464965001.450	   0.676	8049
59769.008843	8464964997.150	   0.329	8049
59769.008958	8464964993.150	   0.272	8049
59769.009074	8464964987.450	   0.315	8049
59769.009190	8464964983.050	   0.351	8049
59769.009306	8464964979.650	   0.394	8049
59769.009421	8464964974.350	   0.296	8049
59769.009537	8464964970.050	   0.718	8049
59769.009653	8464964966.150	   0.374	8049
59769.009769	8464964961.350	   0.478	8049
59769.009884	8464964955.850	   0.221	8049
59769.010000	8464964952.650	   0.356	8049
59769.010116	8464964948.650	   0.365	8049
59769.010231	8464964943.650	   0.353	8049
59769.010347	8464964938.350	   0.431	8049
59769.010463	8464964935.050	   0.707	8049
59769.010579	8464964931.350	   0.755	8049
59769.010694	8464964925.250	   0.335	8049
59769.010810	8464964922.650	   0.678	8049
59769.010926	8464972439.587	   0.293	8049
59769.011042	8464972431.987	   0.300	8049
59769.011157	8464972428.887	   0.319	8049
59769.011273	8464972423.187	   0.282	8049
59769.011389	8464972418.787	   0.446	8049
59769.011505	8464972416.487	   0.512	8049
59769.011620	8464972411.687	   0.269	8049
59769.012199	8464974120.696	   0.224	8049
59769.012315	8464974117.996	   0.288	8049
59769.012431	8464974113.496	   0.375	8049
59769.012546	8464974109.696	   1.064	8049
59769.012662	8464974106.196	   0.531	8049
59769.012778	8464974103.196	   0.380	8049
59769.012894	8464974097.995	   0.691	8049
59769.013009	8464974093.195	   0.377	8049
59769.013125	8464974089.795	   0.375	8049
59769.013241	8464974086.295	   0.369	8049
59769.013356	8464974082.595	   0.388	8049
59769.013472	8464974078.895	   0.401	8049
59769.013588	8464974075.395	   0.381	8049
59769.013704	8464974071.995	   0.537	8049
59769.013819	8464974068.195	   0.443	8049
59769.013935	8464974062.995	   0.405	8049
59769.014051	8464974059.795	   0.276	8049
59769.014167	8464974055.095	   0.311	8049
59769.014282	8464974050.395	   0.211	8049
59769.014398	8464974046.995	   0.234	8049
59769.014514	8464974044.495	   0.387	8049
59769.014630	8464974039.795	   0.513	8049
59769.014745	8464974035.095	   0.305	8049
59769.014861	8464974032.495	   0.336	8049
59769.014977	8464974027.095	   0.370	8049
59769.015093	8464974022.995	   0.289	8049
59769.015208	8464974019.895	   0.249	8049
59769.015324	8464974015.595	   0.184	8049
59769.015440	8464974011.595	   0.187	8049
59769.015556	8464974007.995	   0.215	8049
59769.015671	8464974003.295	   0.453	8049
59769.015787	8464974000.195	   0.250	8049
59769.015903	8464973996.395	   0.204	8049
59769.016019	8464973992.995	   0.208	8049
59769.016134	8464973987.895	   0.280	8049
59769.016250	8464973984.395	   0.200	8049
59769.016366	8464973979.695	   0.485	8049
59769.016481	8464973975.695	   0.255	8049
59769.016597	8464973972.295	   0.174	8049
59769.016713	8464973969.095	   0.167	8049
59769.016829	8464973964.995	   0.290	8049
59769.016944	8464973959.995	   0.242	8049
59769.017060	8464973955.795	   0.151	8049
59769.017176	8464973954.395	   0.143	8049
59769.017292	8464973949.395	   0.191	8049
59769.017407	8464973945.695	   0.225	8049
59769.017523	8464973941.895	   0.249	8049
59769.017639	8464973938.395	   0.270	8049
59769.017755	8464973935.295	   0.219	8049
59769.017870	8464973931.995	   0.143	8049
59769.017986	8464973927.695	   0.208	8049
59769.018102	8464973923.595	   0.248	8049
59769.018218	8464973919.195	   0.171	8049
59769.018333	8464973916.395	   0.250	8049
59769.018449	8464973911.295	   0.127	8049
59769.018565	8464973908.595	   0.324	8049
59769.018681	8464973903.795	   0.163	8049
59769.018796	8464973900.595	   0.343	8049
59769.018912	8464973896.994	   0.151	8049
59769.019028	8464973893.594	   0.144	8049
59769.019144	8464973889.494	   0.177	8049
59769.019259	8464973885.994	   0.129	8049
59769.019375	8464973883.194	   0.324	8049
59769.019491	8464973879.394	   0.143	8049
59769.019606	8464973875.094	   0.240	8049
59769.019722	8464973872.294	   0.255	8049
59769.019838	8464973868.694	   0.265	8049
59769.019954	8464973864.394	   0.226	8049
59769.020069	8464973860.094	   0.124	8049
59769.020185	8464973857.394	   0.179	8049
59769.020301	8464973853.094	   0.234	8049
59769.020417	8464973849.994	   0.322	8049
59769.020532	8464973846.594	   0.152	8049
59769.020880	8464973835.494	   0.108	8049
59769.020995	8464973832.694	   0.154	8049
59769.021227	8464973824.294	   0.120	8049
59769.021343	8464973819.694	   0.137	8049
59769.021574	8464973811.894	   0.122	8049
59769.021690	8464973808.194	   0.202	8049
59769.021806	8464973804.794	   0.114	8049
59769.021921	8464973801.094	   0.194	8049
59769.022153	8464973792.894	   0.136	8049
59769.022616	8464973777.894	   0.144	8049
59769.022731	8464973774.794	   0.097	8049
59769.022847	8464973770.694	   0.118	8049
59769.023426	8464973753.594	   0.157	8049
59769.023657	8464973745.294	   0.185	8049
59769.024005	8464973735.494	   0.136	8049
59769.024120	8464973731.894	   0.099	8049
59769.024699	8464973713.394	   0.105	8049
59769.025162	8464973698.193	   0.203	8049
59769.025278	8464973694.993	   0.119	8049
59769.025741	8464973680.693	   0.132	8049
